ringnr natal.island adult.island disp hatch.year gen_sex
8168601 26 38 1 1998 0
8168602 38 38 0 1998 1
8168603 38 38 0 1998 0
8168605 38 38 0 1998 0
8168606 27 38 1 1998 0
8747234 20 38 1 1998 0
8168607 28 28 0 1998 1
8168608 28 28 0 1998 0
8168610 28 28 0 1998 0
8168612 28 28 0 1998 0
8168614 28 28 0 1998 1
8168692 28 28 0 1998 1
8730457 28 28 0 1998 0
8730483 28 28 0 1998 1
8730527 28 28 0 1998 1
8730529 28 28 0 1998 0
8730979 28 28 0 1998 0
8730981 28 28 0 1998 1
8732552 28 28 0 1998 0
8732559 28 28 0 1998 0
8747114 28 28 0 1998 1
8747117 88 28 1 1998 1
8747256 88 28 1 1998 1
8747258 28 28 0 1998 1
8747259 88 28 1 1998 0
8747260 28 28 0 1998 0
8747526 28 28 0 1998 0
8168613 28 27 1 1998 1
8168635 88 27 1 1998 0
8168636 27 27 0 1998 0
8168650 26 27 1 1998 1
8168655 27 27 0 1998 1
8168771 88 27 1 1998 1
8168772 88 27 1 1998 0
8681073 27 27 0 1998 1
8681079 27 27 0 1998 0
8681081 27 27 0 1998 0
8730418 26 27 1 1998 1
8730431 27 27 0 1998 0
8730486 27 27 0 1998 0
8730496 26 27 1 1998 1
8730506 27 27 0 1998 0
8730509 27 27 0 1998 0
8730535 27 27 0 1998 0
8730537 27 27 0 1998 1
8730538 27 27 0 1998 1
8730577 27 27 0 1998 0
8730584 27 27 0 1998 0
8730586 27 27 0 1998 1
8732205 27 27 0 1998 0
8732211 27 27 0 1998 0
8732213 27 27 0 1998 1
8732249 27 27 0 1998 0
8732288 27 27 0 1998 0
8732292 27 27 0 1998 0
8732293 27 27 0 1998 1
8732294 27 27 0 1998 1
8732296 27 27 0 1998 1
8732637 27 27 0 1998 1
8732638 27 27 0 1998 1
8732639 27 27 0 1998 0
8732640 27 27 0 1998 0
8732641 27 27 0 1998 0
8732644 27 27 0 1998 1
8732646 28 27 1 1998 0
8732647 88 27 1 1998 0
8732648 28 27 1 1998 1
8732649 27 27 0 1998 0
8732650 27 27 0 1998 0
8732651 27 27 0 1998 1
8732652 27 27 0 1998 1
8732653 27 27 0 1998 1
8732654 27 27 0 1998 1
8732656 27 27 0 1998 1
8732657 27 27 0 1998 1
8732659 27 27 0 1998 0
8732660 27 27 0 1998 1
8732685 26 27 1 1998 1
8732686 27 27 0 1998 0
8732687 88 27 1 1998 1
8732689 27 27 0 1998 0
8732690 27 27 0 1998 1
8732691 27 27 0 1998 1
8747100 27 27 0 1998 1
8747101 27 27 0 1998 1
8747102 27 27 0 1998 0
8747103 28 27 1 1998 1
8747104 27 27 0 1998 1
8747105 27 27 0 1998 0
8747218 88 27 1 1998 1
8747224 27 27 0 1998 1
8747227 20 27 1 1998 0
8747228 88 27 1 1998 0
8747229 27 27 0 1998 1
8747363 28 27 1 1998 0
8747364 27 27 0 1998 1
8747365 27 27 0 1998 0
8747366 27 27 0 1998 0
8747373 88 27 1 1998 1
8747424 27 27 0 1998 1
8747517 88 27 1 1998 1
8747519 88 27 1 1998 1
8747520 27 27 0 1998 0
8747532 88 27 1 1998 0
8747564 88 27 1 1998 0
8747606 88 27 1 1998 1
8747608 28 27 1 1998 0
8747623 27 27 0 1998 1
8168639 88 26 1 1998 1
8168648 26 26 0 1998 0
8730413 26 26 0 1998 1
8730421 26 26 0 1998 0
8730493 26 26 0 1998 0
8730497 26 26 0 1998 1
8730498 26 26 0 1998 1
8730522 26 26 0 1998 1
8730987 26 26 0 1998 0
8730993 26 26 0 1998 1
8730998 26 26 0 1998 0
8732247 26 26 0 1998 0
8732561 26 26 0 1998 0
8732676 26 26 0 1998 0
8732678 26 26 0 1998 1
8732680 26 26 0 1998 0
8732681 88 26 1 1998 1
8732695 26 26 0 1998 0
8732696 26 26 0 1998 0
8732697 26 26 0 1998 0
8732698 26 26 0 1998 0
8732699 28 26 1 1998 0
8732700 26 26 0 1998 1
8747233 26 26 0 1998 1
8747239 26 26 1 1998 0
8747603 27 26 1 1998 1
8747604 26 26 0 1998 1
8730579 27 20 1 1998 1
8730969 24 24 0 1998 0
8747548 38 38 0 1999 1
8747549 38 38 0 1999 1
8747550 38 38 0 1999 1
8747551 38 38 0 1999 0
8747552 38 38 0 1999 0
8747553 38 38 0 1999 1
8747813 38 38 0 1999 0
8800101 26 38 1 1999 1
8800102 38 38 0 1999 0
8800104 27 38 1 1999 1
8168693 28 28 0 1999 0
8747012 34 28 1 1999 0
8747109 28 28 0 1999 1
8747254 28 28 0 1999 1
8747257 28 28 0 1999 1
8747399 28 28 0 1999 1
8747529 28 28 0 1999 0
8747740 27 28 1 1999 1
8747741 28 28 0 1999 1
8747805 27 28 1 1999 0
8747807 28 28 0 1999 1
8800185 88 28 1 1999 1
8168642 27 27 0 1999 1
8168644 27 27 0 1999 0
8168665 24 27 1 1999 1
8168698 27 27 0 1999 1
8168702 27 27 0 1999 0
8168768 27 27 0 1999 0
8168769 27 27 0 1999 0
8747118 27 27 0 1999 0
8747220 27 27 0 1999 0
8747221 27 27 0 1999 1
8747222 27 27 0 1999 1
8747223 27 27 0 1999 1
8747225 27 27 0 1999 1
8747263 27 27 0 1999 0
8747267 27 27 0 1999 1
8747270 27 27 0 1999 0
8747283 24 27 1 1999 1
8747518 27 27 0 1999 1
8747534 27 27 0 1999 1
8747554 27 27 0 1999 1
8747555 27 27 0 1999 0
8747561 27 27 0 1999 0
8747563 27 27 0 1999 0
8747565 27 27 0 1999 0
8747624 27 27 0 1999 1
8747699 27 27 1 1999 0
8747703 27 27 0 1999 0
8747705 27 27 0 1999 0
8747720 27 27 0 1999 0
8747722 27 27 0 1999 1
8747725 27 27 0 1999 1
8747726 27 27 0 1999 0
8747729 27 27 0 1999 0
8747756 26 27 1 1999 1
8747758 88 27 1 1999 1
8747777 28 27 1 1999 1
8794301 27 27 0 1999 0
8794302 27 27 0 1999 1
8800025 26 27 1 1999 1
8800303 27 27 0 1999 1
8800352 28 27 1 1999 0
8800353 27 27 0 1999 1
8800354 88 27 1 1999 1
8800356 26 27 1 1999 1
8800404 27 27 0 1999 1
8800405 27 27 0 1999 0
8800426 27 27 0 1999 0
8800427 27 27 0 1999 1
8800428 27 27 0 1999 1
8168646 26 26 0 1999 0
8168709 26 26 0 1999 0
8168728 26 26 0 1999 1
8747125 26 26 0 1999 1
8747412 26 26 0 1999 0
8747630 26 26 0 1999 1
8747636 26 26 0 1999 1
8747698 27 26 1 1999 0
8747759 26 26 0 1999 0
8747808 26 26 0 1999 1
8747809 26 26 0 1999 0
8747811 26 26 0 1999 1
8794305 26 26 0 1999 1
8794306 26 26 0 1999 0
8794375 28 26 1 1999 0
8800439 28 26 1 1999 0
8800440 27 26 1 1999 1
8800441 27 26 1 1999 1
8800497 26 26 0 1999 0
8747369 20 20 0 1999 1
8747371 20 20 0 1999 0
8747406 20 20 0 1999 1
8747408 20 20 0 1999 0
8747410 20 20 0 1999 0
8747609 20 20 0 1999 0
8747691 27 20 1 1999 0
8747692 20 20 0 1999 0
8747693 20 20 0 1999 0
8747694 20 20 0 1999 0
8800395 27 20 1 1999 0
8747417 28 22 1 1999 1
8800166 38 38 0 2000 1
8800168 38 38 0 2000 1
8800170 38 38 0 2000 0
8800171 38 38 0 2000 0
8800321 38 38 0 2000 0
8800322 38 38 0 2000 1
8800424 38 38 0 2000 1
8800488 38 38 0 2000 0
8800489 38 38 0 2000 1
8800490 38 38 0 2000 1
8800494 38 38 0 2000 0
8800495 38 38 0 2000 0
8800529 38 38 0 2000 0
8800533 38 38 0 2000 0
8800535 38 38 0 2000 1
8800537 38 38 0 2000 1
8857277 28 38 1 2000 0
8800073 28 28 0 2000 1
8800090 28 28 0 2000 1
8800091 26 28 1 2000 0
8800095 27 28 1 2000 1
8800175 28 28 0 2000 0
8800176 28 28 0 2000 0
8800177 28 28 0 2000 1
8800178 28 28 0 2000 1
8800179 28 28 0 2000 0
8800181 28 28 0 2000 0
8800182 28 28 0 2000 0
8800196 23 28 1 2000 1
8800390 28 28 0 2000 0
8800434 28 28 0 2000 0
8800436 28 28 0 2000 0
8800437 28 28 0 2000 1
8800523 28 28 0 2000 1
8800524 28 28 0 2000 0
8800567 28 28 0 2000 0
8857226 27 28 1 2000 1
8747748 27 27 0 2000 0
8747749 27 27 0 2000 0
8747760 27 27 0 2000 1
8747761 27 27 0 2000 1
8747764 27 27 0 2000 1
8747974 88 27 1 2000 0
8794307 27 27 0 2000 1
8800018 27 27 0 2000 1
8800019 27 27 0 2000 0
8800021 27 27 0 2000 0
8800022 27 27 0 2000 1
8800023 27 27 0 2000 0
8800030 27 27 0 2000 1
8800031 27 27 0 2000 1
8800035 28 27 1 2000 0
8800037 27 27 0 2000 0
8800038 27 27 0 2000 1
8800045 26 27 1 2000 1
8800046 26 27 1 2000 0
8800074 27 27 0 2000 1
8800075 27 27 0 2000 1
8800077 27 27 0 2000 1
8800199 23 27 1 2000 1
8800314 27 27 0 2000 0
8800355 27 27 0 2000 1
8800357 27 27 0 2000 0
8800391 27 27 0 2000 1
8800392 27 27 0 2000 1
8800397 27 27 0 2000 1
8800402 27 27 0 2000 0
8800417 27 27 0 2000 1
8800418 27 27 0 2000 1
8800468 27 27 0 2000 1
8800469 27 27 0 2000 0
8800470 27 27 0 2000 1
8800504 27 27 0 2000 0
8800510 27 27 0 2000 0
8800511 27 27 0 2000 1
8800512 26 27 1 2000 0
8800515 27 27 0 2000 1
8800517 27 27 0 2000 0
8800519 27 27 0 2000 1
8800521 27 27 0 2000 1
8800538 27 27 0 2000 0
8800547 27 27 0 2000 0
8800570 27 27 0 2000 1
8800592 27 27 0 2000 1
8800612 27 27 0 2000 1
8800613 27 27 0 2000 0
8800614 27 27 0 2000 0
8800615 27 27 0 2000 0
8800616 26 27 1 2000 0
8800617 88 27 1 2000 1
8857231 27 27 0 2000 0
8857232 27 27 0 2000 1
8857246 27 27 0 2000 0
8857415 27 27 0 2000 1
8747780 26 26 0 2000 0
8747781 26 26 0 2000 1
8747799 26 26 0 2000 1
8794367 26 26 0 2000 1
8794368 26 26 0 2000 1
8794372 26 26 0 2000 1
8800027 26 26 0 2000 1
8800028 26 26 0 2000 0
8800029 26 26 0 2000 1
8800041 26 26 0 2000 0
8800042 26 26 0 2000 0
8800059 27 26 1 2000 1
8800060 27 26 1 2000 1
8800371 26 26 0 2000 0
8800372 26 26 0 2000 1
8800375 26 26 0 2000 1
8800376 26 26 0 2000 0
8800382 26 26 0 2000 1
8800477 26 26 0 2000 0
8800478 26 26 0 2000 0
8800568 28 26 1 2000 1
8857202 26 26 0 2000 1
8800061 88 20 1 2000 0
8800302 27 20 1 2000 1
8800307 20 20 0 2000 1
8800416 27 20 1 2000 1
8800450 20 20 0 2000 0
8800482 20 20 0 2000 0
8800370 22 22 0 2000 0
8800935 38 38 0 2001 1
8800936 38 38 0 2001 1
8800937 38 38 0 2001 1
8857215 38 38 0 2001 0
8857274 38 38 0 2001 1
8857275 38 38 0 2001 1
8857276 38 38 0 2001 1
8857278 38 38 0 2001 0
8857279 38 38 0 2001 1
8857281 38 38 0 2001 0
8857284 27 38 1 2001 0
8857285 38 38 0 2001 0
8747872 33 28 1 2001 0
8747905 28 28 0 2001 0
8747906 28 28 0 2001 1
8800094 28 28 0 2001 1
8857223 28 28 0 2001 0
8857233 27 28 1 2001 1
8887315 27 28 1 2001 0
8887316 28 28 0 2001 1
8887411 28 28 0 2001 1
8887416 38 28 1 2001 1
8887421 28 28 0 2001 0
8747900 26 27 1 2001 1
8747976 27 27 0 2001 0
8747979 27 27 0 2001 0
8800550 27 27 0 2001 1
8800574 27 27 0 2001 1
8800593 27 27 0 2001 0
8857205 27 27 0 2001 1
8857207 26 27 1 2001 0
8857220 27 27 0 2001 0
8857230 27 27 0 2001 0
8857237 27 27 0 2001 1
8857243 27 27 0 2001 1
8857405 33 27 1 2001 0
8857407 33 27 1 2001 1
8857416 27 27 0 2001 0
8866751 27 27 0 2001 0
8866752 27 27 0 2001 1
8866754 27 27 0 2001 0
8866790 27 27 0 2001 0
8866791 28 27 1 2001 0
8747936 26 26 0 2001 0
8747940 26 26 0 2001 1
8747941 26 26 0 2001 0
8747942 26 26 0 2001 0
8747948 26 26 0 2001 0
8747982 26 26 0 2001 1
8800066 26 26 0 2001 1
8857208 26 26 0 2001 1
8857210 26 26 0 2001 0
8857213 26 26 0 2001 0
8857252 26 26 0 2001 1
8857401 26 26 0 2001 1
8857404 26 26 0 2001 0
8747871 33 20 1 2001 0
8747901 20 20 0 2001 0
8857249 20 20 0 2001 0
8866800 20 20 0 2001 1
8887341 20 20 0 2001 0
8887385 27 20 1 2001 0
8747878 22 22 0 2001 0
8800556 22 22 0 2001 0
8887130 88 24 0 2001 1
8866773 38 38 0 2002 1
8887262 38 38 0 2002 0
8887264 38 38 0 2002 0
8887266 38 38 0 2002 1
8887356 38 38 0 2002 1
8887357 38 38 0 2002 0
8887358 38 38 0 2002 1
8887360 38 38 0 2002 1
8887396 38 38 0 2002 0
8887399 38 38 0 2002 0
8887406 38 38 0 2002 1
8887490 38 38 0 2002 1
8943014 88 38 1 2002 1
8857752 28 28 0 2002 0
8857780 28 28 0 2002 1
8866710 28 28 0 2002 0
8866741 26 28 1 2002 1
8866795 28 28 0 2002 0
8866799 28 28 0 2002 0
8887267 28 28 0 2002 0
8887318 28 28 0 2002 0
8887319 28 28 0 2002 0
8887324 28 28 0 2002 0
8887408 28 28 0 2002 0
8887481 20 28 1 2002 0
8887484 28 28 0 2002 0
8934354 27 28 1 2002 1
8934355 27 28 1 2002 1
8934801 28 28 0 2002 0
8934805 28 28 0 2002 1
8943064 28 28 0 2002 1
8943168 28 28 0 2002 0
8857724 26 27 1 2002 0
8857730 26 27 1 2002 1
8857740 27 27 0 2002 0
8857748 26 27 1 2002 0
8857754 27 27 0 2002 1
8857767 27 27 0 2002 0
8857778 28 27 1 2002 0
8866704 27 27 0 2002 0
8866716 26 27 1 2002 1
8866766 27 27 0 2002 1
8866783 27 27 0 2002 1
8866786 27 27 0 2002 0
8866789 27 27 0 2002 1
8866792 27 27 0 2002 1
8887226 27 27 0 2002 0
8887230 27 27 0 2002 1
8887232 27 27 0 2002 0
8887233 27 27 0 2002 0
8887249 27 27 0 2002 0
8887277 27 27 0 2002 1
8887278 27 27 0 2002 0
8887279 27 27 0 2002 0
8887281 27 27 0 2002 0
8887283 27 27 0 2002 1
8887286 27 27 0 2002 1
8887290 27 27 0 2002 1
8887310 27 27 0 2002 1
8887342 27 27 0 2002 0
8887344 27 27 0 2002 0
8887345 27 27 0 2002 0
8887346 27 27 0 2002 0
8887349 27 27 0 2002 0
8887352 27 27 0 2002 0
8887353 26 27 1 2002 0
8887354 26 27 1 2002 1
8887368 27 27 0 2002 1
8887370 27 27 0 2002 1
8887414 28 27 1 2002 1
8887439 27 27 0 2002 1
8887440 27 27 0 2002 0
8887448 27 27 0 2002 0
8887449 27 27 0 2002 0
8887450 332 27 1 2002 1
8887451 27 27 0 2002 1
8887452 27 27 0 2002 1
8887453 27 27 0 2002 1
8887486 27 27 0 2002 1
8887488 27 27 0 2002 0
8934301 27 27 0 2002 1
8934302 27 27 0 2002 1
8934311 27 27 0 2002 1
8934313 27 27 0 2002 1
8934373 27 27 0 2002 1
8934375 27 27 0 2002 0
8934376 27 27 0 2002 1
8943121 27 27 0 2002 0
8857739 26 26 0 2002 1
8866718 26 26 0 2002 1
8866745 26 26 0 2002 0
8887205 26 26 0 2002 1
8887206 26 26 0 2002 1
8887210 26 26 0 2002 0
8887211 26 26 0 2002 1
8887220 26 26 0 2002 0
8887335 26 26 0 2002 0
8887373 26 26 0 2002 0
8887379 26 26 0 2002 0
8887472 26 26 0 2002 1
8887474 26 26 0 2002 1
8887475 26 26 0 2002 1
8887477 26 26 0 2002 0
8934380 28 26 1 2002 1
8934458 26 26 0 2002 1
8934459 26 26 0 2002 0
8934460 26 26 0 2002 0
8943039 28 26 1 2002 1
8943080 28 26 1 2002 1
8943082 27 26 1 2002 0
8943083 26 26 0 2002 1
8943129 26 26 0 2002 1
8866750 20 20 0 2002 0
8887478 27 20 1 2002 0
8934899 20 20 0 2002 1
8943135 20 20 0 2002 1
8943141 20 20 0 2002 0
8943142 88 20 1 2002 1
8857946 27 24 1 2002 0
8887035 23 23 0 2002 0
8887238 22 22 0 2002 0
8887240 22 22 0 2002 0
8887241 22 22 0 2002 0
8887245 22 22 0 2002 0
8887291 27 24 1 2002 1
8887422 24 24 0 2002 1
8887423 24 24 0 2002 0
8887455 22 22 0 2002 0
8887460 88 22 0 2002 0
8887462 88 22 0 2002 0
8904654 88 23 0 2002 1
8934471 88 24 0 2002 1
8934472 88 24 0 2002 1
8934473 88 24 0 2002 0
8934474 88 24 0 2002 1
8934475 88 24 0 2002 1
8934875 88 24 0 2002 1
8934227 38 38 0 2003 0
8934228 38 38 0 2003 0
8934338 38 38 0 2003 0
8934339 38 38 0 2003 0
8934343 38 38 0 2003 0
8934532 38 38 0 2003 0
8934534 38 38 0 2003 1
8934537 38 38 0 2003 0
8934596 38 38 0 2003 0
8939118 38 38 0 2003 1
8943012 38 38 0 2003 0
8943013 38 38 0 2003 1
8943066 38 38 0 2003 1
8943067 38 38 0 2003 1
8943103 38 38 0 2003 1
8943105 38 38 0 2003 1
8943106 38 38 0 2003 1
8943109 38 38 0 2003 1
8943110 38 38 0 2003 0
8943801 38 38 0 2003 0
8943802 38 38 0 2003 0
8943803 38 38 0 2003 1
8934028 28 28 0 2003 1
8934033 28 28 0 2003 1
8934333 28 28 0 2003 0
8934489 28 28 0 2003 1
8939163 26 28 1 2003 1
8939164 28 28 0 2003 1
8939615 27 28 1 2003 1
8939705 28 28 0 2003 1
8943736 28 28 0 2003 0
8943836 28 28 0 2003 0
8943837 28 28 0 2003 1
8934058 27 27 0 2003 0
8934059 27 27 0 2003 0
8934062 27 27 0 2003 1
8934064 27 27 0 2003 1
8934066 27 27 0 2003 1
8934069 27 27 0 2003 0
8934072 27 27 0 2003 0
8934077 26 27 1 2003 1
8934089 27 27 0 2003 0
8934090 27 27 0 2003 0
8934304 27 27 0 2003 1
8934329 28 27 1 2003 0
8934363 27 27 0 2003 0
8934364 27 27 0 2003 1
8934367 27 27 0 2003 0
8934368 27 27 0 2003 0
8934369 27 27 0 2003 0
8934374 27 27 0 2003 1
8934542 27 27 0 2003 1
8934547 27 27 0 2003 0
8934893 27 27 0 2003 1
8934895 27 27 0 2003 1
8939024 27 27 0 2003 1
8939052 38 27 1 2003 1
8939181 27 27 0 2003 1
8939196 20 27 1 2003 0
8939352 26 27 1 2003 1
8939603 26 27 1 2003 1
8939607 27 27 0 2003 0
8939619 27 27 0 2003 0
8939629 27 27 0 2003 0
8943009 27 27 0 2003 0
8943023 27 27 0 2003 1
8943024 27 27 0 2003 1
8943025 27 27 0 2003 0
8943043 28 27 1 2003 0
8943125 27 27 0 2003 1
8943485 38 27 1 2003 0
8943486 27 27 0 2003 0
8943735 27 27 1 2003 1
8943737 26 27 1 2003 1
8943743 28 27 1 2003 0
8943892 27 27 0 2003 0
8943894 27 27 0 2003 1
8934027 28 26 1 2003 0
8934095 26 26 0 2003 0
8934217 26 26 0 2003 1
8934219 26 26 0 2003 1
8934224 26 26 0 2003 1
8934225 26 26 0 2003 0
8934497 26 26 0 2003 0
8934498 26 26 0 2003 0
8934499 26 26 0 2003 0
8934501 26 26 0 2003 0
8934559 26 26 0 2003 0
8934565 26 26 0 2003 0
8934600 26 26 0 2003 0
8934854 26 26 0 2003 1
8934855 26 26 0 2003 0
8939122 27 26 1 2003 0
8939431 26 26 0 2003 1
8943733 20 26 1 2003 1
8934326 28 20 1 2003 0
8939491 20 20 0 2003 0
8939492 26 20 1 2003 1
8939494 20 20 0 2003 1
8943752 27 20 1 2003 0
8943829 27 20 1 2003 1
8904657 23 23 0 2003 1
8904661 23 23 0 2003 1
8904683 26 24 1 2003 1
8934039 22 24 1 2003 1
8934040 22 22 0 2003 1
8934214 24 24 0 2003 0
8934215 24 24 0 2003 1
8934231 27 24 1 2003 0
8934236 24 23 1 2003 1
8934385 23 23 0 2003 0
8934386 23 23 0 2003 0
8934392 23 23 0 2003 1
8934393 23 23 0 2003 0
8934395 24 24 0 2003 0
8934398 24 24 0 2003 0
8934399 24 23 1 2003 1
8934400 24 22 1 2003 1
8934451 23 22 1 2003 1
8934462 24 24 0 2003 1
8934481 23 23 0 2003 1
8934484 23 23 0 2003 0
8934514 27 23 1 2003 0
8934588 24 24 0 2003 0
8934808 24 24 0 2003 0
8934820 34 23 1 2003 1
8934823 23 23 0 2003 1
8934828 23 23 0 2003 1
8934867 23 23 0 2003 0
8934868 23 23 0 2003 0
8934869 23 24 1 2003 0
8934871 23 23 0 2003 0
8934876 24 24 0 2003 0
8934879 24 22 1 2003 1
8934881 24 24 0 2003 0
8934883 24 24 0 2003 1
8934884 24 23 1 2003 0
8934885 24 23 1 2003 0
8934886 24 24 0 2003 1
8939184 88 22 0 2003 1
8939442 88 24 0 2003 1
8943061 23 23 0 2003 0
8943164 24 24 0 2003 1
8943165 24 24 0 2003 0
8943473 88 24 0 2003 1
8943474 88 24 0 2003 1
8943475 20 23 1 2003 1
8943484 24 23 1 2003 1
8943753 24 24 0 2003 1
8943754 24 24 0 2003 0
8943756 24 24 0 2003 0
8943758 24 24 0 2003 0
8943760 20 24 1 2003 1
8943761 27 24 1 2003 1
8943762 26 24 1 2003 0
8943766 27 23 1 2003 0
8943767 24 23 1 2003 0
8943805 88 22 0 2003 1
8939092 38 38 0 2004 1
8939093 77 38 1 2004 0
8939095 38 38 0 2004 1
8939097 38 38 0 2004 1
8939113 38 38 0 2004 0
8939117 38 38 0 2004 0
8939119 38 38 0 2004 0
8939139 38 38 0 2004 1
8939140 38 38 0 2004 1
8939141 38 38 0 2004 1
8939427 34 38 1 2004 1
8939524 38 38 0 2004 1
8939525 38 38 0 2004 1
8939526 38 38 0 2004 1
8939582 38 38 0 2004 1
8981601 38 38 0 2004 0
8981604 38 38 0 2004 0
8981605 38 38 0 2004 1
8981606 28 38 1 2004 1
8981607 38 38 0 2004 1
8981608 28 38 1 2004 0
8981714 77 38 1 2004 1
8981715 38 38 0 2004 0
8981734 27 38 1 2004 1
8939040 28 28 0 2004 1
8939042 28 28 0 2004 1
8939043 28 28 0 2004 1
8939045 28 28 0 2004 1
8939047 28 28 0 2004 0
8939392 28 28 0 2004 1
8939542 27 28 1 2004 1
8939569 28 28 0 2004 0
8939574 28 28 0 2004 1
8939617 28 28 0 2004 1
8939622 28 28 0 2004 0
8939704 28 28 0 2004 1
8939706 28 28 0 2004 0
8939726 28 28 0 2004 1
8981318 28 28 0 2004 1
8981722 20 28 1 2004 0
8981803 77 28 1 2004 1
8981850 23 28 1 2004 0
8981920 77 28 1 2004 0
8939034 27 27 0 2004 1
8939076 27 27 0 2004 0
8939085 27 27 0 2004 0
8939086 27 27 0 2004 1
8939101 27 27 0 2004 0
8939137 27 27 0 2004 1
8939157 27 27 0 2004 1
8939158 27 27 0 2004 1
8939180 27 27 0 2004 1
8939195 27 27 0 2004 0
8939197 27 27 0 2004 1
8939199 27 27 0 2004 0
8939344 27 27 0 2004 0
8939345 27 27 0 2004 0
8939353 27 27 0 2004 0
8939359 33 27 1 2004 0
8939360 33 27 1 2004 1
8939391 27 27 0 2004 0
8939506 27 27 0 2004 1
8939534 27 27 0 2004 0
8939535 27 27 0 2004 0
8939538 27 27 0 2004 0
8939539 27 27 0 2004 1
8939578 22 27 1 2004 1
8939584 27 27 0 2004 1
8939602 27 27 0 2004 1
8939605 27 27 0 2004 0
8939608 27 27 0 2004 0
8939627 27 27 0 2004 0
8939630 27 27 0 2004 0
8939728 27 27 0 2004 1
8939733 77 27 1 2004 0
8939745 27 27 0 2004 0
8939746 27 27 0 2004 0
8939747 27 27 0 2004 0
8939748 27 27 0 2004 0
8939749 27 27 0 2004 1
8939750 27 27 0 2004 1
8939762 27 27 0 2004 1
8939763 27 27 0 2004 1
8939764 27 27 0 2004 0
8939768 24 27 1 2004 0
8939769 77 27 1 2004 0
8939897 27 27 0 2004 1
8939898 27 27 0 2004 1
8939899 27 27 0 2004 1
8943402 27 27 0 2004 0
8943405 27 27 0 2004 1
8943880 27 27 0 2004 1
8943882 27 27 0 2004 0
8943889 27 27 0 2004 1
8943897 27 27 0 2004 0
8981609 27 27 0 2004 1
8981723 20 27 1 2004 0
8981733 20 27 1 2004 1
8981801 27 27 0 2004 1
8981802 23 27 1 2004 1
8981804 24 27 1 2004 0
8981806 27 27 0 2004 0
8981807 27 27 0 2004 1
8981822 27 27 0 2004 0
8981823 26 27 1 2004 0
8981824 26 27 1 2004 1
8981856 27 27 0 2004 0
8981857 27 27 0 2004 1
8981858 20 27 1 2004 0
8L30286 27 27 0 2004 0
8939037 26 26 0 2004 0
8939038 26 26 0 2004 0
8939088 26 26 0 2004 0
8939091 26 26 0 2004 1
8939121 26 26 0 2004 1
8939124 26 26 0 2004 1
8939125 26 26 0 2004 1
8939150 26 26 0 2004 1
8939151 26 26 0 2004 0
8939519 26 26 0 2004 0
8939521 26 26 0 2004 1
8939555 26 26 0 2004 1
8939610 26 26 0 2004 0
8939611 26 26 0 2004 0
8939613 26 26 0 2004 1
8939631 26 26 0 2004 1
8939632 26 26 0 2004 0
8939633 26 26 0 2004 0
8981720 77 26 1 2004 1
8981741 26 26 0 2004 1
8981972 77 26 1 2004 1
8939106 20 20 0 2004 0
8939159 27 20 1 2004 1
8939175 27 20 1 2004 1
8939192 27 20 1 2004 1
8939533 27 20 1 2004 0
8939561 20 20 0 2004 0
8939562 20 20 0 2004 1
8939590 20 20 0 2004 1
8939595 20 20 0 2004 0
8943458 20 20 0 2004 0
8943459 20 20 0 2004 1
8981702 26 20 1 2004 1
8981703 27 20 1 2004 1
8981704 20 20 0 2004 0
8981711 38 20 1 2004 1
8939054 77 24 1 2004 1
8939056 24 24 0 2004 0
8939367 33 24 1 2004 0
8939416 24 24 0 2004 0
8939419 24 24 0 2004 1
8939429 35 24 1 2004 0
8939441 24 24 0 2004 1
8939443 23 24 1 2004 1
8939460 24 24 0 2004 0
8939462 24 24 0 2004 0
8939475 34 24 1 2004 1
8939495 35 24 1 2004 0
8939498 24 24 0 2004 0
8939544 22 24 1 2004 0
8939718 22 24 1 2004 1
8939743 22 24 1 2004 0
8939804 24 24 0 2004 0
8939806 24 24 0 2004 0
8939824 23 24 1 2004 1
8939872 24 24 0 2004 1
8943424 24 24 0 2004 1
8943496 24 24 0 2004 0
8943797 23 24 1 2004 1
8981310 27 24 1 2004 1
8981536 24 24 0 2004 1
8939059 77 23 1 2004 1
8939425 23 23 0 2004 0
8939465 23 23 0 2004 0
8939773 20 23 1 2004 1
8939815 24 23 1 2004 0
8939818 23 23 0 2004 1
8939819 23 23 0 2004 1
8939874 23 23 0 2004 1
8939876 23 23 0 2004 0
8943429 24 23 1 2004 1
8943469 24 23 1 2004 1
8943470 24 23 1 2004 1
8943498 24 23 1 2004 0
8943587 23 23 0 2004 0
8943857 23 23 0 2004 1
8981582 23 23 0 2004 0
8981923 24 23 1 2004 1
8981927 23 23 0 2004 1
8981942 23 23 0 2004 1
8981944 23 23 0 2004 1
8981945 23 23 0 2004 1
8981965 23 23 0 2004 1
8981971 77 23 1 2004 1
8L30372 23 23 0 2004 1
8939107 20 22 1 2004 0
8939551 22 22 0 2004 0
8939579 22 22 0 2004 1
8939805 24 22 1 2004 1
8939807 24 22 1 2004 1
8939821 23 22 1 2004 1
8943422 24 22 1 2004 0
8943438 23 22 1 2004 0
8981928 23 34 1 2004 0
8981038 38 38 0 2005 0
8981652 34 38 1 2005 1
8L30248 38 38 0 2005 1
8L30249 38 38 0 2005 1
8L30363 38 38 0 2005 1
8L30364 38 38 0 2005 1
8L48501 38 38 0 2005 0
8L48691 38 38 0 2005 1
8981325 28 28 0 2005 0
8981503 34 28 1 2005 0
8981786 28 28 0 2005 1
8981791 28 28 0 2005 0
8981792 28 28 0 2005 0
8981914 28 28 0 2005 1
8981919 28 28 0 2005 0
8L30208 28 28 0 2005 0
8L30340 35 28 1 2005 1
8L30451 28 28 0 2005 1
8L48607 28 28 0 2005 1
8L48608 28 28 0 2005 0
8L48609 27 28 1 2005 1
8L52920 28 28 0 2005 0
8L52943 28 28 0 2005 0
8L52961 27 28 1 2005 1
8L52967 28 28 0 2005 1
8943549 24 27 1 2005 0
8981002 27 27 0 2005 1
8981003 27 27 0 2005 1
8981005 27 27 0 2005 0
8981007 27 27 0 2005 0
8981009 27 27 0 2005 1
8981011 26 27 1 2005 0
8981012 27 27 0 2005 1
8981024 27 27 0 2005 1
8981025 27 27 0 2005 0
8981026 24 27 1 2005 1
8981027 27 27 0 2005 1
8981247 27 27 0 2005 0
8981248 27 27 0 2005 0
8981253 27 27 0 2005 1
8981264 27 27 0 2005 1
8981265 27 27 0 2005 0
8981266 28 27 1 2005 1
8981267 27 27 0 2005 1
8981268 27 27 0 2005 0
8981270 27 27 0 2005 0
8981272 27 27 0 2005 0
8981273 27 27 0 2005 0
8981274 27 27 0 2005 1
8981277 24 27 1 2005 1
8981278 27 27 0 2005 1
8981279 27 27 0 2005 0
8981280 27 27 0 2005 1
8981281 27 27 0 2005 1
8981283 27 27 0 2005 1
8981284 27 27 0 2005 1
8981286 27 27 0 2005 1
8981287 27 27 0 2005 0
8981289 27 27 0 2005 1
8981290 27 27 0 2005 0
8981293 27 27 0 2005 1
8981296 27 27 0 2005 1
8981545 35 27 1 2005 1
8981707 27 27 0 2005 1
8981708 27 27 0 2005 0
8981820 27 27 0 2005 1
8981821 27 27 0 2005 0
8L30219 27 27 0 2005 0
8L30260 27 27 0 2005 0
8L30261 27 27 0 2005 1
8L30289 27 27 0 2005 1
8L30298 27 27 0 2005 0
8L30300 27 27 0 2005 0
8L30308 23 27 1 2005 1
8L30320 27 27 0 2005 0
8L30401 27 27 0 2005 1
8L30591 27 27 0 2005 0
8L30599 20 27 1 2005 1
8L48318 27 27 0 2005 1
8L48592 27 27 0 2005 1
8L48610 27 27 0 2005 1
8L52211 27 27 0 2005 0
8L52212 27 27 0 2005 1
8L52533 27 27 0 2005 1
8L52534 27 27 0 2005 0
8L52535 27 27 0 2005 0
8L52550 27 27 0 2005 1
8L52950 27 27 0 2005 0
8L52954 27 27 0 2005 0
8981015 26 26 0 2005 1
8981016 26 26 0 2005 1
8981018 28 26 1 2005 1
8981020 27 26 1 2005 0
8981021 26 26 0 2005 0
8981031 26 26 0 2005 0
8981032 26 26 0 2005 0
8981033 27 26 1 2005 0
8981036 28 26 1 2005 1
8981738 26 26 0 2005 1
8981739 26 26 0 2005 1
8981773 26 26 0 2005 0
8981774 26 26 0 2005 1
8981805 26 26 0 2005 0
8981861 34 26 1 2005 1
8L30253 26 26 0 2005 1
8L30327 34 26 1 2005 1
8L30444 26 26 0 2005 0
8L30445 26 26 0 2005 0
8L30446 26 26 0 2005 0
8L30449 26 26 0 2005 1
8L30596 27 26 1 2005 1
8L52209 26 26 0 2005 0
8L52210 38 26 1 2005 1
8L52931 26 26 0 2005 1
8L52932 20 26 1 2005 1
8L52974 26 26 0 2005 0
8981029 20 20 0 2005 1
8981030 27 20 1 2005 0
8981701 20 20 0 2005 1
8L30597 20 20 0 2005 1
8L30920 20 20 0 2005 1
8L30922 20 20 0 2005 1
8L48692 20 20 0 2005 1
8981241 27 24 1 2005 1
8981312 24 24 0 2005 0
8981313 24 24 0 2005 1
8981643 24 24 0 2005 1
8981863 34 24 1 2005 1
8981881 24 24 0 2005 1
8981929 23 24 1 2005 0
8981955 23 24 1 2005 1
8L30235 34 24 1 2005 1
8L30388 24 24 0 2005 1
8L30958 23 24 1 2005 0
8L48555 22 24 1 2005 1
8L52231 23 24 1 2005 1
8943578 23 23 0 2005 0
8981229 24 23 1 2005 1
8981237 77 23 1 2005 0
8981657 23 23 0 2005 0
8981832 24 23 1 2005 0
8981864 23 23 0 2005 0
8981873 23 23 0 2005 1
8981940 24 23 1 2005 0
8981962 23 23 0 2005 1
8981970 23 23 0 2005 0
8L30301 23 23 0 2005 1
8L30311 23 23 0 2005 0
8L30313 23 23 0 2005 1
8L30396 24 23 1 2005 1
8L30489 24 23 1 2005 0
8L30490 23 23 0 2005 0
8L30496 23 23 0 2005 0
8L30499 23 23 0 2005 0
8L30500 23 23 0 2005 0
8L30917 23 23 0 2005 1
8L30919 23 23 0 2005 0
8L30947 23 23 0 2005 1
8L30959 23 23 0 2005 1
8L30962 23 23 0 2005 1
8L30963 23 23 0 2005 0
8L48565 24 23 1 2005 1
8L48598 23 23 0 2005 1
8L52249 23 23 0 2005 1
8981008 27 22 1 2005 0
8981262 22 22 0 2005 1
8981263 22 22 0 2005 0
8981676 22 22 0 2005 0
8981754 22 22 0 2005 1
8943580 23 34 1 2005 0
8981784 28 332 1 2005 0
8981935 23 34 1 2005 0
8981960 23 35 1 2005 1
8981968 23 35 1 2005 0
8L30380 23 35 1 2005 0
8L52223 24 34 1 2005 1
8L30001 38 38 0 2006 1
8L30572 38 38 0 2006 0
8L30761 38 38 0 2006 1
8L48457 38 38 0 2006 1
8L48459 38 38 0 2006 0
8L48461 38 38 0 2006 0
8L48463 38 38 0 2006 1
8L48467 38 38 0 2006 0
8L48469 38 38 0 2006 0
8L52574 38 38 0 2006 1
8L52598 38 38 0 2006 0
8L52913 38 38 0 2006 1
8118429 28 28 0 2006 0
8L19862 28 28 0 2006 0
8L19899 28 28 0 2006 1
8L19900 24 28 1 2006 0
8L48334 28 28 0 2006 1
8L48694 28 28 0 2006 1
8L48695 28 28 0 2006 0
8L49991 77 28 1 2006 1
8L52403 28 28 0 2006 1
8L52404 28 28 0 2006 0
8L52405 28 28 0 2006 1
8L52407 27 28 1 2006 0
8L52408 28 28 0 2006 0
8L52411 28 28 0 2006 0
8L52597 28 28 0 2006 0
8L52674 28 28 0 2006 0
8L52922 28 28 0 2006 0
8L52923 28 28 0 2006 1
8L52959 28 28 0 2006 1
8L52960 28 28 0 2006 0
8L52962 28 28 0 2006 1
8L52963 28 28 0 2006 0
8L52965 28 28 0 2006 0
8L52969 28 28 0 2006 1
8668490 24 27 1 2006 1
8816491 28 27 1 2006 1
8816495 27 27 0 2006 1
8816497 77 27 1 2006 0
8L19813 27 27 0 2006 0
8L19912 24 27 1 2006 1
8L19917 23 27 1 2006 0
8L19919 27 27 0 2006 0
8L19920 27 27 0 2006 0
8L19921 20 27 1 2006 0
8L30598 27 27 0 2006 0
8L30783 26 27 1 2006 1
8L30784 23 27 1 2006 1
8L30890 27 27 0 2006 1
8L30893 27 27 0 2006 1
8L30898 27 27 0 2006 0
8L48310 27 27 0 2006 1
8L48311 27 27 0 2006 0
8L48312 27 27 0 2006 1
8L48313 27 27 0 2006 0
8L48314 27 27 0 2006 1
8L48315 27 27 0 2006 1
8L48336 27 27 0 2006 0
8L48337 27 27 0 2006 1
8L48350 27 27 0 2006 0
8L48352 27 27 0 2006 0
8L48365 27 27 0 2006 1
8L48410 24 27 1 2006 1
8L48414 77 27 1 2006 1
8L48417 24 27 1 2006 0
8L48418 77 27 1 2006 1
8L48438 27 27 0 2006 1
8L48440 27 27 0 2006 0
8L48441 27 27 0 2006 1
8L48443 27 27 0 2006 0
8L48444 27 27 0 2006 1
8L48446 24 27 1 2006 1
8L48448 27 27 0 2006 1
8L48450 27 27 0 2006 0
8L48451 24 27 1 2006 0
8L48452 27 27 0 2006 1
8L48454 27 27 0 2006 1
8L48455 27 27 0 2006 0
8L48581 27 27 0 2006 0
8L48583 27 27 0 2006 1
8L48602 27 27 0 2006 0
8L48651 20 27 1 2006 1
8L48661 27 27 0 2006 1
8L48662 27 27 0 2006 1
8L49910 27 27 0 2006 0
8L52202 27 27 0 2006 1
8L52243 24 27 1 2006 0
8L52244 24 27 1 2006 1
8L52303 27 27 0 2006 1
8L52304 27 27 0 2006 0
8L52305 27 27 0 2006 1
8L52308 27 27 0 2006 0
8L52310 27 27 0 2006 1
8L52401 27 27 0 2006 0
8L52410 27 27 0 2006 1
8L52426 27 27 0 2006 0
8L52428 27 27 0 2006 1
8L52501 27 27 0 2006 0
8L52504 27 27 0 2006 0
8L52529 20 27 1 2006 0
8L52549 27 27 0 2006 1
8L52595 26 27 1 2006 1
8L52596 27 27 0 2006 0
8L52955 27 27 0 2006 0
8L52956 27 27 0 2006 0
8L52964 27 27 0 2006 0
8L52978 27 27 0 2006 1
8L57876 24 27 1 2006 1
8L57882 28 27 1 2006 0
8118435 20 26 1 2006 1
8L19825 24 26 1 2006 1
8L30779 26 26 0 2006 1
8L30780 26 26 0 2006 0
8L30781 27 26 1 2006 1
8L30782 26 26 0 2006 1
8L30878 26 26 0 2006 0
8L30879 26 26 0 2006 1
8L30882 26 26 0 2006 0
8L48319 26 26 0 2006 1
8L48323 26 26 0 2006 1
8L48368 27 26 1 2006 1
8L48371 26 26 0 2006 0
8L48473 26 26 0 2006 0
8L48474 20 26 1 2006 0
8L48476 77 26 1 2006 1
8L48478 26 26 0 2006 0
8L48479 26 26 0 2006 0
8L48480 24 26 1 2006 1
8L49909 38 26 1 2006 1
8L52415 26 26 0 2006 0
8L52416 26 26 0 2006 1
8L52418 26 26 0 2006 0
8L52419 26 26 0 2006 0
8L52420 26 26 0 2006 0
8L52424 26 26 0 2006 1
8L52514 26 26 0 2006 1
8L52515 26 26 0 2006 0
8L52551 26 26 0 2006 0
8L52552 26 26 0 2006 0
8L52554 26 26 0 2006 0
8L52555 26 26 0 2006 0
8L52934 26 26 0 2006 1
8L52973 26 26 0 2006 1
8L48344 20 20 0 2006 1
8L48399 20 20 0 2006 0
8L48611 20 20 0 2006 0
8L52527 20 20 0 2006 1
8L52532 20 20 0 2006 1
8L19505 23 24 1 2006 1
8L19656 24 24 0 2006 1
8L30809 24 24 0 2006 0
8L30819 23 24 1 2006 0
8L30829 23 24 1 2006 1
8L30832 23 24 1 2006 1
8L30833 23 24 1 2006 1
8L48398 20 24 1 2006 0
8L48436 23 24 1 2006 0
8L48574 23 24 1 2006 1
8L52224 34 24 1 2006 1
8L52239 24 24 0 2006 0
8L52241 24 24 0 2006 0
8L52255 23 24 1 2006 1
8L52283 23 24 1 2006 0
8L52287 24 24 0 2006 1
8L52614 23 24 1 2006 1
8L52619 24 24 0 2006 0
8L52620 24 24 0 2006 0
8L52629 23 24 1 2006 0
8L57789 27 24 1 2006 1
8L30807 24 23 1 2006 0
8L30835 23 23 0 2006 1
8L30848 24 23 1 2006 1
8L30851 24 23 1 2006 0
8L48404 23 23 0 2006 0
8L48405 23 23 0 2006 1
8L48407 23 23 0 2006 0
8L48408 23 23 0 2006 0
8L48427 23 23 0 2006 0
8L48428 23 23 0 2006 1
8L48430 23 23 0 2006 0
8L48432 23 23 0 2006 1
8L48435 23 23 0 2006 1
8L48540 23 23 0 2006 0
8L48542 23 23 0 2006 1
8L52235 24 23 1 2006 0
8L52237 24 23 1 2006 0
8L52253 23 23 0 2006 1
8L52254 23 23 0 2006 0
8L52272 23 23 0 2006 1
8L52284 23 23 0 2006 1
8L52601 23 23 0 2006 0
8L52624 24 23 1 2006 1
8L52689 35 23 1 2006 0
8L52909 22 23 1 2006 0
8L57859 24 23 1 2006 1
8L30876 22 22 0 2006 1
8L48381 22 22 0 2006 0
8L48507 35 22 1 2006 0
8L49930 22 22 0 2006 1
8L49934 34 22 1 2006 1
8L52214 22 22 0 2006 1
8L52623 24 22 1 2006 1
8L30828 23 34 1 2006 1
8L30892 27 331 1 2006 0
8L48445 27 332 1 2006 1
8309164 38 38 0 2007 0
8816901 38 38 0 2007 1
8L19858 38 38 0 2007 0
8L19860 38 38 0 2007 0
8L19922 38 38 0 2007 0
8L19928 38 38 0 2007 1
8L19930 38 38 0 2007 1
8L19931 38 38 0 2007 1
8L19932 38 38 0 2007 0
8L19958 38 38 0 2007 1
8L19960 38 38 0 2007 1
8L19961 38 38 0 2007 1
8L26538 38 38 0 2007 0
8L64922 38 38 0 2007 1
8L64923 28 38 1 2007 1
8L64996 77 38 1 2007 1
8L89299 38 38 0 2007 1
8118424 28 28 0 2007 0
8118425 28 28 0 2007 1
8118426 28 28 0 2007 0
8118430 28 28 0 2007 0
8309150 28 28 0 2007 1
8309155 28 28 0 2007 1
8309156 28 28 0 2007 0
8309158 28 28 0 2007 0
8309159 28 28 0 2007 0
8309161 28 28 0 2007 1
8668480 28 28 0 2007 1
8816452 28 28 0 2007 0
8816455 28 28 0 2007 1
8816456 28 28 0 2007 0
8816919 28 28 0 2007 1
8816921 28 28 0 2007 1
8L19722 28 28 0 2007 1
8L19723 28 28 0 2007 1
8L19986 26 28 1 2007 0
8L26581 28 28 0 2007 0
8L26582 28 28 0 2007 0
8L26595 27 28 1 2007 1
8L26596 27 28 1 2007 1
8L26597 28 28 0 2007 0
8L64210 26 28 1 2007 0
8L89335 28 28 0 2007 1
8L89466 27 28 1 2007 1
8L89467 24 28 1 2007 1
8L89470 24 28 1 2007 1
8309128 30 27 1 2007 1
8309135 27 27 0 2007 1
8309140 27 27 0 2007 0
8309141 27 27 0 2007 0
8309171 27 27 0 2007 1
8309173 27 27 0 2007 0
8309182 27 27 0 2007 0
8309197 27 27 0 2007 0
8309251 27 27 0 2007 1
8309252 27 27 0 2007 1
8309254 27 27 0 2007 0
8309262 27 27 0 2007 0
8309263 27 27 0 2007 1
8309264 27 27 0 2007 1
8309266 27 27 0 2007 0
8309267 27 27 0 2007 0
8309269 27 27 0 2007 0
8309272 27 27 0 2007 1
8309274 27 27 0 2007 0
8309277 27 27 0 2007 0
8309278 27 27 0 2007 1
8309283 27 27 0 2007 1
8309285 24 27 1 2007 1
8309287 27 27 0 2007 0
8309288 27 27 0 2007 0
8668476 27 27 0 2007 1
8816407 27 27 0 2007 1
8816408 27 27 0 2007 1
8816409 27 27 0 2007 0
8816486 27 27 0 2007 1
8816494 27 27 0 2007 1
8816918 28 27 1 2007 1
8L19627 35 27 1 2007 1
8L19830 27 27 0 2007 0
8L19835 27 27 0 2007 0
8L19839 27 27 0 2007 1
8L19877 27 27 0 2007 0
8L19898 27 27 0 2007 1
8L19914 27 27 0 2007 0
8L19934 27 27 0 2007 0
8L19936 27 27 0 2007 0
8L19937 27 27 0 2007 1
8L19946 77 27 1 2007 1
8L19969 77 27 1 2007 0
8L19972 27 27 0 2007 1
8L19974 27 27 0 2007 0
8L19977 27 27 0 2007 0
8L19979 27 27 0 2007 0
8L19980 27 27 0 2007 1
8L26586 27 27 0 2007 1
8L26587 27 27 0 2007 0
8L49938 27 27 0 2007 0
8L49974 27 27 0 2007 1
8L57880 27 27 0 2007 1
8L64134 27 27 0 2007 1
8L64144 77 27 1 2007 1
8L64901 77 27 1 2007 1
8L64902 27 27 0 2007 1
8L64903 27 27 0 2007 1
8L89274 27 27 0 2007 1
8L89508 27 27 0 2007 0
8L89514 27 27 0 2007 0
8118432 26 26 0 2007 1
8118433 26 26 0 2007 0
8309143 26 26 0 2007 0
8309175 27 26 1 2007 1
8309190 26 26 0 2007 0
8309191 26 26 0 2007 0
8309195 27 26 1 2007 0
8309298 30 26 1 2007 0
8668479 26 26 0 2007 1
8668482 26 26 0 2007 1
8668484 26 26 0 2007 1
8816417 26 26 0 2007 0
8816420 26 26 0 2007 0
8816467 26 26 0 2007 0
8816924 24 26 1 2007 1
8816929 26 26 0 2007 1
8816930 26 26 0 2007 1
8816931 26 26 0 2007 0
8816932 26 26 0 2007 0
8816936 26 26 0 2007 1
8816937 26 26 0 2007 1
8816940 26 26 0 2007 0
8816942 26 26 0 2007 1
8816943 26 26 0 2007 1
8816944 26 26 0 2007 0
8816947 26 26 0 2007 1
8816948 24 26 1 2007 1
8816949 27 26 1 2007 1
8816952 26 26 0 2007 0
8816953 26 26 0 2007 0
8816954 26 26 0 2007 1
8816955 26 26 0 2007 0
8816956 26 26 0 2007 0
8816957 26 26 0 2007 0
8816959 77 26 1 2007 1
8L19728 26 26 0 2007 1
8L19729 26 26 0 2007 0
8L19730 26 26 0 2007 1
8L19856 30 26 1 2007 0
8L19987 20 26 1 2007 1
8L19988 26 26 0 2007 1
8L49957 26 26 0 2007 0
8L49958 26 26 0 2007 1
8L49959 26 26 0 2007 0
8L49960 26 26 0 2007 0
8L49963 26 26 0 2007 0
8L49969 26 26 0 2007 1
8L64915 26 26 0 2007 1
8L64916 26 26 0 2007 0
8L64981 27 26 1 2007 1
8L89259 26 26 0 2007 0
8309291 27 20 1 2007 1
8L19891 20 20 0 2007 0
8L49912 20 20 0 2007 1
8L49917 20 20 0 2007 0
8L49943 20 20 0 2007 1
8309184 27 24 1 2007 1
8309186 27 24 1 2007 0
8309273 27 24 1 2007 1
8309281 27 24 1 2007 1
8L19501 24 24 0 2007 0
8L19506 24 24 0 2007 0
8L19539 24 24 0 2007 0
8L19540 24 24 0 2007 0
8L19564 23 24 1 2007 1
8L19568 24 24 0 2007 1
8L19569 24 24 0 2007 0
8L19572 24 24 0 2007 0
8L19595 24 24 0 2007 0
8L19637 24 24 0 2007 1
8L19652 24 24 0 2007 1
8L19681 24 24 0 2007 0
8L19688 23 24 1 2007 0
8L19689 23 24 1 2007 0
8L19933 27 24 1 2007 0
8L19978 27 24 1 2007 1
8L57701 23 24 1 2007 1
8L57729 24 24 0 2007 0
8L57815 24 24 0 2007 0
8L64169 24 24 0 2007 1
8L64398 23 24 1 2007 1
8L64839 24 24 0 2007 1
8L64840 24 24 0 2007 0
8L64856 23 24 1 2007 1
8309201 25 23 1 2007 0
8816442 22 23 1 2007 1
8816963 23 23 0 2007 0
8L19616 35 23 1 2007 0
8L19633 24 23 1 2007 1
8L19661 24 23 1 2007 0
8L19693 23 23 0 2007 1
8L57750 23 23 0 2007 1
8L57758 23 23 0 2007 1
8L57814 24 23 1 2007 1
8L64176 23 23 0 2007 0
8L64397 24 23 1 2007 0
8L64399 23 23 0 2007 1
8L64812 24 23 1 2007 1
8L64813 34 23 1 2007 0
8L64824 24 23 1 2007 0
8L64825 23 23 0 2007 1
8L64838 24 23 1 2007 1
8816427 22 22 0 2007 1
8816428 22 22 0 2007 1
8816483 27 22 1 2007 0
8816496 27 22 1 2007 0
8L49935 22 22 0 2007 1
8L64286 38 38 0 2008 1
8L64288 38 38 0 2008 0
8L64291 38 38 0 2008 1
8L89298 38 38 0 2008 0
8L89326 38 38 0 2008 0
8L89456 38 38 0 2008 1
8L89457 38 38 0 2008 1
8L89460 38 38 0 2008 1
8L89461 38 38 0 2008 1
8L89739 38 38 0 2008 1
8L89750 38 38 0 2008 0
8L89804 38 38 0 2008 1
8M31420 28 38 1 2008 1
8L26528 34 28 1 2008 0
8L26576 28 28 0 2008 1
8L26578 28 28 0 2008 1
8L64206 28 28 0 2008 1
8L64241 28 28 0 2008 0
8L89230 28 28 0 2008 1
8L89244 28 28 0 2008 1
8L89245 28 28 0 2008 1
8L89334 28 28 0 2008 0
8L89399 28 28 0 2008 1
8L89423 28 28 0 2008 1
8L89471 28 28 0 2008 0
8L89645 28 28 0 2008 0
8M31544 28 28 0 2008 0
8M31552 38 28 1 2008 1
8M31717 28 28 0 2008 1
8L19998 27 27 0 2008 0
8L26579 28 27 1 2008 1
8L26591 27 27 0 2008 1
8L64212 27 27 0 2008 1
8L64215 27 27 0 2008 0
8L64271 27 27 0 2008 0
8L64272 27 27 0 2008 0
8L64278 27 27 0 2008 0
8L64280 27 27 0 2008 0
8L64283 27 27 0 2008 1
8L64294 26 27 1 2008 0
8L64354 35 27 1 2008 1
8L64933 27 27 0 2008 1
8L64954 20 27 1 2008 1
8L64970 27 27 0 2008 1
8L64971 27 27 0 2008 0
8L89202 27 27 0 2008 1
8L89209 27 27 0 2008 0
8L89210 27 27 0 2008 0
8L89211 27 27 0 2008 1
8L89265 27 27 0 2008 1
8L89266 27 27 0 2008 0
8L89268 27 27 0 2008 0
8L89269 27 27 0 2008 0
8L89271 27 27 0 2008 1
8L89273 27 27 0 2008 1
8L89276 27 27 0 2008 0
8L89277 27 27 0 2008 0
8L89324 27 27 0 2008 1
8L89337 28 27 1 2008 0
8L89352 27 27 0 2008 0
8L89354 27 27 0 2008 0
8L89355 27 27 0 2008 0
8L89365 27 27 0 2008 1
8L89366 27 27 0 2008 0
8L89368 27 27 0 2008 1
8L89370 26 27 1 2008 1
8L89371 27 27 0 2008 0
8L89372 77 27 1 2008 1
8L89374 27 27 0 2008 0
8L89376 27 27 0 2008 1
8L89377 27 27 0 2008 0
8L89379 28 27 1 2008 1
8L89380 26 27 1 2008 1
8L89384 27 27 0 2008 1
8L89386 27 27 0 2008 0
8L89387 27 27 0 2008 1
8L89388 27 27 0 2008 0
8L89389 27 27 0 2008 0
8L89411 27 27 0 2008 0
8L89412 27 27 0 2008 0
8L89430 27 27 0 2008 0
8L89431 27 27 0 2008 0
8L89432 27 27 0 2008 0
8L89434 27 27 0 2008 1
8L89436 27 27 0 2008 1
8L89439 27 27 0 2008 0
8L89502 27 27 0 2008 1
8L89503 27 27 0 2008 1
8L89507 27 27 0 2008 1
8L89509 27 27 0 2008 0
8L89512 27 27 0 2008 1
8L89516 27 27 0 2008 1
8L89517 27 27 0 2008 1
8L89518 27 27 0 2008 1
8L89519 27 27 0 2008 0
8L89521 27 27 0 2008 1
8L89530 27 27 0 2008 0
8L89537 27 27 0 2008 1
8L89538 27 27 0 2008 0
8L89539 27 27 0 2008 1
8L89741 27 27 0 2008 1
8L89742 27 27 0 2008 0
8L89751 27 27 0 2008 1
8L89752 27 27 0 2008 1
8L89753 27 27 0 2008 1
8L89754 27 27 0 2008 1
8L89755 27 27 0 2008 0
8L89793 27 27 0 2008 0
8L89808 27 27 0 2008 0
8M31485 27 27 0 2008 0
8L64202 26 26 0 2008 1
8L64945 26 26 0 2008 1
8L64985 26 26 0 2008 0
8L89254 26 26 0 2008 0
8L89256 26 26 0 2008 0
8L89258 26 26 0 2008 1
8L89296 26 26 0 2008 1
8L89349 26 26 0 2008 1
8L89358 26 26 0 2008 1
8L89391 26 26 0 2008 1
8L89394 26 26 0 2008 1
8L89395 26 26 0 2008 0
8L89441 26 26 0 2008 0
8L89474 26 26 0 2008 0
8L89525 26 26 0 2008 0
8L89526 26 26 0 2008 0
8L89626 26 26 0 2008 1
8L89704 26 26 0 2008 1
8L89708 26 26 0 2008 0
8L89709 26 26 0 2008 0
8L89711 26 26 0 2008 0
8L89712 26 26 0 2008 0
8L89713 26 26 0 2008 0
8L89714 24 26 1 2008 1
8L89715 26 26 0 2008 1
8L89718 26 26 0 2008 1
8L89720 26 26 0 2008 0
8L89721 26 26 0 2008 0
8L89722 26 26 0 2008 1
8L89723 26 26 0 2008 1
8L89724 26 26 0 2008 0
8L89725 26 26 0 2008 0
8L89728 26 26 0 2008 0
8L89731 26 26 0 2008 1
8L89734 24 26 1 2008 0
8L89748 26 26 0 2008 1
8M31317 20 26 1 2008 1
8M31325 26 26 0 2008 1
8M31605 26 26 0 2008 0
8M31625 26 26 0 2008 1
8L89282 20 20 0 2008 1
8L89363 20 20 0 2008 0
8L89404 20 20 0 2008 0
8L89664 27 20 1 2008 0
8L89822 20 20 0 2008 1
8M31541 20 20 0 2008 0
8L64175 23 24 1 2008 1
8L64256 24 24 0 2008 0
8L64260 24 24 0 2008 0
8L64266 24 24 0 2008 1
8L64372 24 24 0 2008 1
8L64857 24 24 0 2008 0
8L64866 24 24 0 2008 1
8L89994 23 24 1 2008 0
8L89995 24 24 0 2008 1
8L89998 22 24 1 2008 1
8M31041 24 24 0 2008 1
8M31112 24 24 0 2008 1
8L26521 23 23 0 2008 0
8L64148 23 23 0 2008 0
8L64156 24 23 1 2008 0
8L64157 24 23 1 2008 0
8L64265 24 23 1 2008 1
8L64327 24 23 1 2008 0
8L64373 24 23 1 2008 0
8L64374 24 23 1 2008 1
8L64380 23 23 0 2008 1
8L64809 23 23 0 2008 1
8L64819 23 23 0 2008 1
8L64820 23 23 0 2008 1
8L64821 23 23 0 2008 1
8L64833 34 23 1 2008 1
8L64841 23 23 0 2008 0
8L64858 23 23 0 2008 0
8L89988 24 23 1 2008 1
8M31126 23 23 0 2008 0
8M31165 27 23 1 2008 0
8L64216 22 22 0 2008 0
8L64224 22 22 0 2008 1
8L64225 22 22 0 2008 1
8L64975 22 22 0 2008 0
8L64976 22 22 0 2008 0
8L64149 23 34 1 2008 0
8L64158 23 34 1 2008 1
8L89333 28 332 1 2008 0
8L89628 38 38 0 2009 0
8L89642 38 38 0 2009 0
8M31281 38 38 0 2009 0
8M31282 38 38 0 2009 1
8M31283 38 38 0 2009 1
8M31285 38 38 0 2009 1
8M31637 38 38 0 2009 1
8M31641 38 38 0 2009 0
8M31642 38 38 0 2009 1
8M31937 38 38 0 2009 1
8M72859 77 38 1 2009 0
8L89644 28 28 0 2009 0
8L89646 28 28 0 2009 0
8L89675 28 28 0 2009 1
8L89680 28 28 0 2009 0
8L89682 28 28 0 2009 1
8L89683 28 28 0 2009 1
8M31206 77 28 1 2009 1
8M31297 77 28 1 2009 1
8M31326 27 28 1 2009 1
8M31542 28 28 0 2009 1
8M31543 28 28 0 2009 0
8M31545 28 28 0 2009 1
8M31546 28 28 0 2009 0
8M31548 28 28 0 2009 0
8M31550 28 28 0 2009 1
8M31551 28 28 0 2009 0
8M31554 28 28 0 2009 1
8M31714 28 28 0 2009 0
8M31715 28 28 0 2009 1
8M31716 28 28 0 2009 1
8M31756 28 28 0 2009 0
8M31943 38 28 1 2009 0
8M72848 38 28 1 2009 1
8M72867 77 28 1 2009 1
8M72879 77 28 1 2009 1
8L19999 20 27 1 2009 1
8L89064 23 27 1 2009 1
8L89616 27 27 0 2009 1
8L89634 27 27 0 2009 1
8L89635 27 27 0 2009 0
8L89637 27 27 0 2009 0
8L89639 27 27 0 2009 0
8L89640 27 27 0 2009 0
8L89652 27 27 0 2009 0
8L89654 27 27 0 2009 1
8L89655 27 27 0 2009 0
8L89665 27 27 0 2009 0
8L89669 27 27 0 2009 0
8L89690 27 27 0 2009 1
8L89691 27 27 0 2009 0
8L89692 27 27 0 2009 1
8L89797 27 27 0 2009 1
8L89836 27 27 0 2009 1
8L89843 27 27 0 2009 1
8L89844 27 27 0 2009 0
8L89845 27 27 0 2009 1
8L89847 27 27 0 2009 1
8L89848 27 27 0 2009 1
8L89849 27 27 0 2009 0
8L89858 27 27 0 2009 0
8L89859 27 27 0 2009 1
8L89862 27 27 0 2009 1
8L89863 27 27 0 2009 0
8L89886 27 27 0 2009 1
8M31262 27 27 0 2009 0
8M31286 26 27 1 2009 0
8M31288 27 27 0 2009 0
8M31290 27 27 0 2009 1
8M31291 27 27 0 2009 1
8M31293 27 27 0 2009 0
8M31294 27 27 0 2009 1
8M31327 27 27 0 2009 1
8M31328 27 27 0 2009 0
8M31329 27 27 0 2009 1
8M31331 27 27 0 2009 1
8M31334 27 27 0 2009 1
8M31337 27 27 0 2009 1
8M31338 27 27 0 2009 1
8M31344 27 27 0 2009 0
8M31352 26 27 1 2009 0
8M31356 27 27 0 2009 1
8M31360 27 27 0 2009 1
8M31363 27 27 0 2009 1
8M31367 27 27 0 2009 0
8M31370 27 27 0 2009 1
8M31372 27 27 0 2009 0
8M31374 27 27 0 2009 1
8M31378 27 27 0 2009 0
8M31379 27 27 0 2009 1
8M31382 27 27 0 2009 1
8M31398 27 27 0 2009 1
8M31407 38 27 1 2009 0
8M31445 27 27 0 2009 0
8M31450 27 27 0 2009 0
8M31452 27 27 0 2009 0
8M31453 27 27 0 2009 1
8M31463 27 27 0 2009 1
8M31468 27 27 0 2009 0
8M31476 27 27 0 2009 1
8M31480 27 27 0 2009 1
8M31483 27 27 0 2009 1
8M31484 27 27 0 2009 0
8M31508 27 27 0 2009 0
8M31511 27 27 0 2009 1
8M31527 27 27 0 2009 1
8M31532 20 27 1 2009 0
8M31547 28 27 1 2009 1
8M31561 27 27 0 2009 1
8M31562 27 27 0 2009 1
8M31568 27 27 0 2009 1
8M31581 27 27 0 2009 0
8M31583 27 27 0 2009 0
8M31585 27 27 0 2009 1
8M31591 27 27 0 2009 1
8M31602 26 27 1 2009 1
8M31632 27 27 0 2009 0
8M31712 28 27 1 2009 1
8M31713 28 27 1 2009 1
8M31747 26 27 1 2009 0
8M31758 27 27 0 2009 0
8M31872 24 27 1 2009 1
8M31873 27 27 0 2009 0
8M31874 27 27 0 2009 0
8M31875 27 27 0 2009 0
8M31922 77 27 1 2009 0
8M31923 27 27 0 2009 1
8M31924 27 27 0 2009 1
8M31925 27 27 0 2009 1
8M31926 77 27 1 2009 1
8M31927 27 27 0 2009 0
8M31928 27 27 0 2009 1
8M31938 27 27 0 2009 0
8M31939 27 27 0 2009 0
8M31940 27 27 0 2009 0
8M31941 27 27 0 2009 1
8M31968 27 27 0 2009 1
8M31969 27 27 0 2009 1
8M31970 27 27 0 2009 0
8M71205 27 27 0 2009 1
8M71206 27 27 0 2009 0
8M71256 27 27 0 2009 0
8M71268 27 27 0 2009 1
8M71269 27 27 0 2009 0
8M72602 27 27 0 2009 1
8M72877 27 27 0 2009 1
8M72878 23 27 1 2009 0
8M72881 27 27 0 2009 0
8M72908 27 27 0 2009 1
8M72909 27 27 0 2009 1
8M72933 27 27 0 2009 1
8M72934 27 27 0 2009 0
8M72935 27 27 0 2009 1
8L19992 20 26 1 2009 1
8L89613 26 26 0 2009 0
8L89614 26 26 0 2009 0
8L89615 26 26 0 2009 1
8L89641 27 26 1 2009 1
8L89650 26 26 0 2009 1
8L89663 20 26 1 2009 1
8L89689 27 26 1 2009 1
8L89875 26 26 0 2009 1
8L89880 26 26 0 2009 0
8L89894 26 26 0 2009 1
8L89896 26 26 0 2009 0
8M31265 26 26 0 2009 1
8M31278 26 26 0 2009 1
8M31304 26 26 0 2009 1
8M31305 26 26 0 2009 1
8M31314 26 26 0 2009 1
8M31350 26 26 0 2009 0
8M31353 26 26 0 2009 1
8M31365 27 26 1 2009 1
8M31385 27 26 1 2009 1
8M31426 26 26 0 2009 0
8M31432 26 26 0 2009 1
8M31433 26 26 0 2009 0
8M31436 26 26 0 2009 1
8M31495 26 26 0 2009 1
8M31496 26 26 0 2009 1
8M31497 26 26 0 2009 1
8M31498 26 26 0 2009 0
8M31509 27 26 1 2009 1
8M31524 30 26 1 2009 1
8M31526 26 26 0 2009 0
8M31528 27 26 1 2009 0
8M31622 26 26 0 2009 0
8M31627 26 26 0 2009 0
8M31634 20 26 1 2009 0
8M31704 26 26 0 2009 0
8M31706 26 26 0 2009 1
8M31711 28 26 1 2009 1
8M31935 77 26 1 2009 1
8M31936 27 26 1 2009 1
8M31953 26 26 0 2009 0
8M31954 28 26 1 2009 1
8M72618 26 26 0 2009 1
8M72990 26 26 0 2009 1
8L19991 20 20 0 2009 1
8L19995 20 20 0 2009 1
8L89815 20 20 0 2009 1
8L89891 20 20 0 2009 1
8M31535 20 20 0 2009 1
8M31536 20 20 0 2009 1
8M71253 26 20 1 2009 0
8L57927 24 24 0 2009 0
8L88307 28 24 1 2009 1
8L89906 24 24 0 2009 0
8L89929 24 24 0 2009 0
8M31035 24 24 0 2009 0
8M31730 24 24 0 2009 0
8M31731 24 24 0 2009 0
8M31732 24 24 0 2009 0
8M31733 23 24 1 2009 0
8M31737 24 24 0 2009 0
8M31738 24 24 0 2009 0
8M31739 24 24 0 2009 0
8M72013 24 24 0 2009 1
8M72014 24 24 0 2009 0
8M72120 23 24 1 2009 1
8M72323 24 24 0 2009 0
8M72326 24 24 0 2009 1
8L57906 23 23 0 2009 1
8L57916 23 23 0 2009 0
8L89026 23 23 0 2009 0
8L89049 23 23 0 2009 0
8L89100 24 23 1 2009 0
8L89983 23 23 0 2009 1
8L89987 23 23 0 2009 0
8L89989 23 23 0 2009 0
8L89992 23 23 0 2009 0
8M31084 35 23 1 2009 1
8M31139 24 23 1 2009 1
8M31164 23 23 0 2009 0
8M31384 27 23 1 2009 0
8M72001 23 23 0 2009 1
8M72016 77 23 1 2009 1
8M72017 24 23 1 2009 0
8M72018 28 23 1 2009 0
8M72019 24 23 1 2009 1
8M72136 24 23 1 2009 1
8L89601 20 22 1 2009 0
8L89605 20 22 1 2009 0
8M31342 22 22 0 2009 0
8M31387 22 22 0 2009 1
8M31389 22 22 0 2009 1
8M31390 22 22 0 2009 0
8M31516 22 22 0 2009 0
8M31520 22 22 0 2009 0
8M31522 22 22 0 2009 1
8L89044 23 34 1 2009 1
8M31197 23 34 1 2009 1
8M72309 77 34 0 2009 0
8M71505 27 38 1 2010 0
8M71506 38 38 0 2010 0
8M71507 38 38 0 2010 1
8M72786 38 38 0 2010 0
8M72996 38 38 0 2010 0
8M31863 28 28 0 2010 1
8M31865 28 28 0 2010 1
8M71201 28 28 0 2010 1
8M71218 28 28 0 2010 0
8M71220 28 28 0 2010 0
8M71226 28 28 0 2010 0
8M71227 28 28 0 2010 0
8M71231 28 28 0 2010 1
8M71232 28 28 0 2010 0
8M71237 28 28 0 2010 0
8M71238 28 28 0 2010 0
8M71290 28 28 0 2010 1
8M71292 28 28 0 2010 1
8M71294 28 28 0 2010 0
8M71295 28 28 0 2010 0
8M71298 28 28 0 2010 0
8M71299 28 28 0 2010 1
8M71301 28 28 0 2010 1
8M71302 28 28 0 2010 1
8M71303 28 28 0 2010 1
8M71304 28 28 0 2010 1
8M71305 28 28 0 2010 0
8M71306 28 28 0 2010 0
8M71307 28 28 0 2010 0
8M71406 28 28 0 2010 1
8M72009 35 28 1 2010 0
8M72172 35 28 1 2010 1
8M72601 28 28 0 2010 1
8M72610 28 28 0 2010 0
8M72611 28 28 0 2010 0
8M72633 28 28 0 2010 0
8M72638 28 28 0 2010 0
8M72640 28 28 0 2010 1
8M72707 28 28 0 2010 1
8M72708 28 28 0 2010 1
8M72764 28 28 0 2010 0
8M72766 28 28 0 2010 0
8M72792 28 28 0 2010 0
8M72795 28 28 0 2010 0
8M72797 28 28 0 2010 0
8M72832 28 28 0 2010 0
8M72897 28 28 0 2010 0
8M72916 27 28 1 2010 1
8N05087 28 28 0 2010 0
8N05437 28 28 0 2010 0
8N05438 28 28 0 2010 0
8N05442 77 28 1 2010 1
8N05444 28 28 0 2010 1
8N05445 28 28 0 2010 0
8N05446 28 28 0 2010 1
8N05447 28 28 0 2010 1
8N06813 23 28 1 2010 1
8N06993 28 28 0 2010 1
8N06999 27 28 1 2010 1
8M31869 27 27 0 2010 1
8M31893 27 27 0 2010 0
8M31929 27 27 0 2010 0
8M31945 27 27 0 2010 0
8M31973 20 27 1 2010 1
8M71060 27 27 0 2010 1
8M71061 27 27 0 2010 0
8M71063 27 27 0 2010 0
8M71064 27 27 0 2010 1
8M71085 27 27 0 2010 0
8M71086 27 27 0 2010 1
8M71089 27 27 0 2010 0
8M71092 20 27 1 2010 0
8M71093 27 27 0 2010 1
8M71096 27 27 0 2010 1
8M71097 27 27 0 2010 1
8M71098 20 27 1 2010 0
8M71100 26 27 1 2010 0
8M71204 27 27 0 2010 0
8M71208 27 27 0 2010 1
8M71210 27 27 0 2010 1
8M71211 27 27 0 2010 0
8M71212 27 27 0 2010 1
8M71216 27 27 0 2010 1
8M71217 27 27 0 2010 0
8M71254 20 27 1 2010 0
8M71257 27 27 0 2010 0
8M71258 27 27 0 2010 0
8M71293 28 27 1 2010 1
8M71296 28 27 1 2010 1
8M71300 27 27 0 2010 0
8M71310 20 27 1 2010 0
8M71311 27 27 0 2010 0
8M71312 27 27 0 2010 1
8M71313 27 27 0 2010 1
8M71314 27 27 0 2010 0
8M71315 27 27 0 2010 1
8M71317 27 27 0 2010 0
8M71318 27 27 0 2010 0
8M71321 26 27 1 2010 1
8M71322 27 27 0 2010 0
8M71411 27 27 0 2010 0
8M71412 27 27 0 2010 0
8M71414 27 27 0 2010 0
8M71415 27 27 0 2010 0
8M71416 27 27 0 2010 1
8M71864 27 27 0 2010 0
8M71866 27 27 0 2010 0
8M72087 34 27 1 2010 0
8M72112 34 27 1 2010 1
8M72315 33 27 1 2010 1
8M72604 27 27 0 2010 1
8M72605 27 27 0 2010 1
8M72606 27 27 0 2010 0
8M72608 27 27 0 2010 1
8M72609 27 27 0 2010 1
8M72660 27 27 0 2010 0
8M72664 27 27 0 2010 0
8M72666 27 27 0 2010 1
8M72668 27 27 0 2010 0
8M72674 27 27 0 2010 0
8M72675 27 27 0 2010 1
8M72677 27 27 0 2010 0
8M72678 27 27 0 2010 1
8M72679 27 27 0 2010 0
8M72680 27 27 0 2010 0
8M72681 27 27 0 2010 0
8M72719 27 27 0 2010 0
8M72722 27 27 0 2010 1
8M72725 27 27 0 2010 1
8M72777 27 27 0 2010 0
8M72818 20 27 1 2010 0
8M72898 27 27 0 2010 1
8M72906 27 27 0 2010 0
8M72907 27 27 0 2010 1
8M72913 28 27 1 2010 1
8M72914 28 27 1 2010 1
8M72923 27 27 0 2010 0
8M72924 27 27 0 2010 0
8M72928 27 27 0 2010 0
8M72929 27 27 0 2010 1
8M72931 27 27 0 2010 1
8M72932 27 27 0 2010 1
8M72969 27 27 0 2010 0
8M72970 27 27 0 2010 0
8M72972 27 27 0 2010 1
8M72975 27 27 0 2010 0
8M72976 27 27 0 2010 0
8M72982 26 27 1 2010 0
8M73000 27 27 0 2010 0
8N06360 27 27 0 2010 0
8M31977 26 26 0 2010 1
8M71073 26 26 0 2010 1
8M71074 26 26 0 2010 0
8M71077 26 26 0 2010 0
8M71239 26 26 0 2010 1
8M71247 26 26 0 2010 0
8M71250 26 26 0 2010 0
8M71277 26 26 0 2010 0
8M71278 26 26 0 2010 0
8M71281 26 26 0 2010 1
8M71283 26 26 0 2010 1
8M71285 26 26 0 2010 0
8M71286 26 26 0 2010 1
8M71287 26 26 0 2010 0
8M71289 28 26 1 2010 1
8M71501 26 26 0 2010 0
8M71502 26 26 0 2010 1
8M71503 26 26 0 2010 1
8M71504 26 26 0 2010 1
8M71530 26 26 0 2010 0
8M71531 20 26 1 2010 0
8M71532 26 26 0 2010 0
8M71552 26 26 0 2010 0
8M71596 26 26 0 2010 1
8M72189 24 26 1 2010 0
8M72613 26 26 0 2010 0
8M72617 26 26 0 2010 1
8M72621 26 26 0 2010 0
8M72623 26 26 0 2010 0
8M72643 26 26 0 2010 0
8M72644 26 26 0 2010 1
8M72646 26 26 0 2010 0
8M72648 26 26 0 2010 0
8M72649 26 26 0 2010 1
8M72673 26 26 0 2010 0
8M72716 26 26 0 2010 0
8M72736 26 26 0 2010 0
8M72737 26 26 0 2010 1
8M72739 26 26 0 2010 1
8M72741 26 26 0 2010 0
8M72805 26 26 0 2010 1
8M72806 26 26 0 2010 0
8M72809 26 26 0 2010 0
8M72810 26 26 0 2010 1
8M72811 26 26 0 2010 1
8M72812 26 26 0 2010 1
8M72851 26 26 0 2010 1
8M72853 26 26 0 2010 1
8M72855 26 26 0 2010 1
8M72863 26 26 0 2010 1
8M72864 26 26 0 2010 0
8M72882 26 26 0 2010 1
8M72884 26 26 0 2010 0
8M72945 26 26 0 2010 1
8M72947 26 26 0 2010 1
8M72951 26 26 0 2010 0
8M72954 26 26 0 2010 0
8M72955 26 26 0 2010 1
8M72956 26 26 0 2010 0
8M72957 26 26 0 2010 0
8M72960 26 26 0 2010 1
8M72961 26 26 0 2010 0
8M72980 26 26 0 2010 1
8M72987 26 26 0 2010 1
8N05457 26 26 0 2010 1
8N06508 26 26 0 2010 0
8N06782 26 26 0 2010 0
8M31844 20 20 0 2010 0
8M71811 27 20 1 2010 1
8M72653 20 20 0 2010 1
8M72654 20 20 0 2010 0
8M72656 20 20 0 2010 1
8M72659 20 20 0 2010 0
8M72887 20 20 0 2010 0
8M72891 20 20 0 2010 1
8M72892 20 20 0 2010 0
8M72893 20 20 0 2010 1
8M72965 20 20 0 2010 0
8L57922 24 24 0 2010 0
8L57923 24 24 0 2010 1
8M71672 24 24 0 2010 0
8M71673 24 24 0 2010 0
8M71674 24 24 0 2010 0
8M71700 24 24 0 2010 1
8M71765 24 24 0 2010 1
8M72004 24 24 0 2010 0
8M72007 24 24 0 2010 1
8M72021 24 24 0 2010 0
8M72023 24 24 0 2010 0
8M72024 24 24 0 2010 0
8M72032 24 24 0 2010 1
8M72036 24 24 0 2010 1
8M72037 23 24 1 2010 1
8M72062 24 24 0 2010 0
8M72078 24 24 0 2010 0
8M72081 24 24 0 2010 1
8M72124 24 24 0 2010 0
8M72125 24 24 0 2010 1
8M72128 24 24 0 2010 1
8M72178 24 24 0 2010 1
8M72185 23 24 1 2010 0
8M72186 23 24 1 2010 1
8M72190 24 24 0 2010 0
8M72224 24 24 0 2010 1
8M72227 24 24 0 2010 0
8M72232 24 24 0 2010 1
8M72243 24 24 0 2010 1
8M72259 24 24 0 2010 0
8M72271 23 24 1 2010 1
8M72291 23 24 1 2010 0
8M72325 24 24 0 2010 1
8M72327 24 24 0 2010 1
8M72328 24 24 0 2010 0
8M72329 24 24 0 2010 0
8N06020 24 24 0 2010 0
8N06028 24 24 0 2010 1
8N06029 23 24 1 2010 0
8N06292 23 24 1 2010 1
8L57902 23 23 0 2010 0
8L57918 23 23 0 2010 0
8L57921 23 23 0 2010 0
8L57928 24 23 1 2010 1
8L57933 23 23 0 2010 0
8L57941 23 23 0 2010 1
8L57942 23 23 0 2010 1
8L57943 23 23 0 2010 1
8M71083 23 23 0 2010 0
8M71084 23 23 0 2010 1
8M72015 24 23 1 2010 1
8M72022 24 23 1 2010 0
8M72030 23 23 0 2010 1
8M72031 23 23 0 2010 0
8M72038 23 23 0 2010 0
8M72045 35 23 1 2010 1
8M72052 35 23 1 2010 1
8M72058 35 23 1 2010 0
8M72114 34 23 1 2010 0
8M72135 23 23 0 2010 1
8M72144 23 23 0 2010 0
8M72168 23 23 0 2010 0
8M72176 24 23 1 2010 1
8M72179 23 23 0 2010 0
8M72180 23 23 0 2010 1
8M72191 24 23 1 2010 1
8M72235 24 23 1 2010 0
8M72237 24 23 1 2010 1
8M72245 23 23 0 2010 1
8M72248 23 23 0 2010 0
8M72249 23 23 0 2010 1
8M72257 24 23 1 2010 1
8M72258 24 23 1 2010 1
8M72269 23 23 0 2010 1
8M72272 23 23 0 2010 1
8M72273 23 23 0 2010 1
8M72274 23 23 0 2010 1
8M72277 24 23 1 2010 0
8M72278 24 23 1 2010 1
8M72284 23 23 0 2010 1
8M72285 23 23 0 2010 0
8M72287 23 23 0 2010 0
8M72289 23 23 0 2010 0
8M72292 23 23 0 2010 0
8M72293 23 23 0 2010 0
8M72294 23 23 0 2010 1
8M72295 23 23 0 2010 0
8M72324 24 23 1 2010 1
8M72757 22 23 1 2010 1
8N06011 20 23 1 2010 1
8N06037 24 23 1 2010 1
8N06285 23 23 0 2010 1
8N06293 23 23 0 2010 1
8N06439 23 23 0 2010 1
8M31838 22 22 0 2010 0
8M31839 22 22 0 2010 1
8M31993 22 22 0 2010 1
8M31995 22 22 0 2010 1
8M31997 22 22 0 2010 0
8M71511 27 22 1 2010 0
8M71512 22 22 0 2010 0
8M71513 22 22 0 2010 0
8M71521 24 22 1 2010 1
8M72745 22 22 0 2010 1
8M72749 22 22 0 2010 1
8M72752 22 22 0 2010 0
8N05418 22 22 0 2010 1
8L57934 23 34 1 2010 1
8M31984 27 34 1 2010 1
8M72002 24 34 1 2010 1
8M72084 24 35 1 2010 0
8M72219 23 34 1 2010 1
8M72268 23 34 1 2010 0
8M71534 38 38 0 2011 1
8N05402 38 38 0 2011 0
8N05795 24 38 1 2011 0
8N05796 27 38 1 2011 1
8N05797 38 38 0 2011 0
8N05840 38 38 0 2011 1
8N06398 38 38 0 2011 0
8N06776 38 38 0 2011 0
8N06947 38 38 0 2011 1
8M71819 27 28 1 2011 1
8N05083 28 28 0 2011 0
8N05086 28 28 0 2011 1
8N05472 28 28 0 2011 0
8N05489 28 28 0 2011 1
8N05494 28 28 0 2011 0
8N05701 77 28 1 2011 0
8N05713 28 28 0 2011 1
8N05714 28 28 0 2011 1
8N05715 28 28 0 2011 0
8N05716 28 28 0 2011 0
8N05717 28 28 0 2011 1
8N06566 26 28 1 2011 0
8N06808 28 28 0 2011 1
8N06815 28 28 0 2011 1
8N06989 28 28 0 2011 0
8N72354 28 28 0 2011 0
8N72531 28 28 0 2011 1
8N73082 77 28 1 2011 0
8N73084 28 28 0 2011 0
8N73086 77 28 1 2011 1
8N73087 28 28 0 2011 0
8M71520 27 27 0 2011 1
8M71522 27 27 0 2011 0
8M71823 27 27 0 2011 1
8M71826 27 27 0 2011 0
8M71865 27 27 0 2011 1
8M71872 27 27 0 2011 1
8M71873 27 27 0 2011 0
8M71881 27 27 0 2011 0
8N05027 27 27 0 2011 0
8N05029 27 27 0 2011 1
8N05030 27 27 0 2011 0
8N05032 27 27 0 2011 1
8N05094 27 27 0 2011 1
8N05460 27 27 0 2011 0
8N05462 27 27 0 2011 1
8N05464 27 27 0 2011 1
8N05467 27 27 0 2011 1
8N05531 23 27 1 2011 0
8N05532 26 27 1 2011 1
8N05533 27 27 0 2011 0
8N05702 27 27 0 2011 1
8N05704 27 27 0 2011 1
8N05705 27 27 0 2011 1
8N05710 27 27 0 2011 0
8N05712 27 27 0 2011 1
8N05809 27 27 0 2011 1
8N05810 27 27 0 2011 1
8N05841 28 27 1 2011 1
8N05844 77 27 1 2011 0
8N05845 27 27 0 2011 1
8N05846 27 27 0 2011 0
8N05847 27 27 0 2011 0
8N06210 23 27 1 2011 1
8N06311 27 27 0 2011 0
8N06330 27 27 0 2011 0
8N06333 27 27 0 2011 0
8N06355 27 27 0 2011 1
8N06359 27 27 0 2011 1
8N06371 27 27 0 2011 1
8N06385 27 27 0 2011 0
8N06387 27 27 0 2011 0
8N06527 27 27 0 2011 1
8N06543 27 27 0 2011 0
8N06736 27 27 0 2011 0
8N06749 27 27 0 2011 0
8N06783 27 27 0 2011 1
8N06786 27 27 0 2011 0
8N06787 27 27 0 2011 1
8N06790 27 27 0 2011 1
8N06792 27 27 0 2011 0
8N06794 27 27 0 2011 1
8N06798 27 27 0 2011 1
8N06800 27 27 0 2011 1
8N06916 27 27 0 2011 1
8N06917 27 27 0 2011 0
8N06920 27 27 0 2011 0
8N06921 27 27 0 2011 1
8N06922 27 27 0 2011 1
8N06963 27 27 0 2011 1
8N06969 27 27 0 2011 1
8N73093 27 27 0 2011 1
8M71540 26 26 0 2011 1
8M71610 24 26 1 2011 0
8M71831 20 26 1 2011 0
8M71834 26 26 0 2011 0
8M71835 26 26 0 2011 0
8M71836 26 26 0 2011 1
8N05003 26 26 0 2011 1
8N05004 26 26 0 2011 0
8N05006 26 26 0 2011 0
8N05008 26 26 0 2011 0
8N05009 26 26 0 2011 0
8N05012 26 26 0 2011 0
8N05013 26 26 0 2011 1
8N05018 26 26 0 2011 1
8N05057 26 26 0 2011 0
8N05058 26 26 0 2011 1
8N05059 26 26 0 2011 0
8N05063 26 26 0 2011 0
8N05423 26 26 0 2011 0
8N05480 26 26 0 2011 0
8N05706 26 26 0 2011 0
8N05707 26 26 0 2011 0
8N05708 26 26 0 2011 1
8N05747 26 26 0 2011 1
8N05748 26 26 0 2011 0
8N05749 27 26 1 2011 1
8N05750 26 26 0 2011 0
8N05808 27 26 1 2011 0
8N05825 26 26 0 2011 1
8N05827 26 26 0 2011 1
8N05829 26 26 0 2011 1
8N05831 26 26 0 2011 0
8N05832 26 26 0 2011 0
8N05837 26 26 0 2011 0
8N06237 35 26 1 2011 0
8N06347 20 26 1 2011 1
8N06393 26 26 0 2011 0
8N06394 26 26 0 2011 1
8N06395 26 26 0 2011 0
8N06396 26 26 0 2011 1
8N06510 26 26 0 2011 0
8N06519 26 26 0 2011 0
8N06528 26 26 0 2011 0
8N06532 26 26 0 2011 0
8N06554 26 26 0 2011 0
8N06559 26 26 0 2011 1
8N06560 26 26 0 2011 1
8N06563 26 26 0 2011 1
8N06564 26 26 0 2011 0
8N06567 26 26 0 2011 0
8N06570 26 26 0 2011 0
8N06580 26 26 0 2011 0
8N06581 26 26 0 2011 0
8N06727 20 26 1 2011 1
8N06730 20 26 1 2011 1
8N06740 26 26 0 2011 1
8N06766 26 26 0 2011 1
8N06781 26 26 0 2011 0
8N06928 26 26 0 2011 1
8N06930 26 26 0 2011 0
8N06931 26 26 0 2011 0
8N06941 26 26 0 2011 1
8N06942 26 26 0 2011 0
8N06944 26 26 0 2011 1
8N06976 26 26 0 2011 0
8N06979 26 26 0 2011 1
8N72367 26 26 0 2011 1
8N72368 26 26 0 2011 1
8N72369 26 26 0 2011 0
8N72577 26 26 0 2011 0
8N73404 26 26 0 2011 0
8M71407 20 20 0 2011 1
8N05851 20 20 0 2011 0
8N06305 20 20 0 2011 1
8N06306 20 20 0 2011 0
8N06340 20 20 0 2011 1
8N06367 20 20 0 2011 0
8N06819 20 20 0 2011 1
8N72721 27 20 1 2011 1
8N72777 20 20 0 2011 1
8M71569 22 24 1 2011 1
8M71612 24 24 0 2011 0
8M71650 24 24 0 2011 0
8M71667 24 24 0 2011 1
8M71710 35 24 1 2011 1
8M71732 24 24 0 2011 0
8M71735 24 24 0 2011 1
8M71758 24 24 0 2011 1
8M71761 24 24 0 2011 1
8N06026 24 24 0 2011 0
8N06030 34 24 1 2011 0
8N06040 23 24 1 2011 1
8N06045 23 24 1 2011 0
8N06097 24 24 0 2011 1
8N06098 24 24 0 2011 1
8N06106 24 24 0 2011 0
8N06112 24 24 0 2011 0
8N06181 24 24 0 2011 1
8N06186 24 24 0 2011 0
8N06195 24 24 0 2011 1
8N06268 24 24 0 2011 0
8N06291 23 24 1 2011 0
8N06406 24 24 0 2011 0
8N06408 24 24 0 2011 1
8N06412 24 24 0 2011 1
8N06414 24 24 0 2011 1
8N06428 24 24 0 2011 0
8N72448 23 24 1 2011 0
8M71585 22 23 1 2011 1
8M71614 23 23 0 2011 0
8M71662 23 23 0 2011 0
8M71687 23 23 0 2011 0
8M71691 23 23 0 2011 1
8M71722 35 23 1 2011 1
8M71731 24 23 1 2011 0
8M71736 24 23 1 2011 0
8M71773 24 23 1 2011 0
8M71775 24 23 1 2011 1
8M71783 23 23 0 2011 0
8M71898 22 23 1 2011 1
8N05049 27 23 1 2011 0
8N06017 24 23 1 2011 0
8N06063 23 23 0 2011 1
8N06074 23 23 0 2011 1
8N06128 34 23 1 2011 0
8N06132 23 23 0 2011 0
8N06146 23 23 0 2011 0
8N06152 23 23 0 2011 1
8N06157 23 23 0 2011 0
8N06196 24 23 1 2011 0
8N06265 24 23 1 2011 1
8N06280 23 23 0 2011 1
8N06281 23 23 0 2011 1
8N06288 23 23 0 2011 0
8N06290 23 23 0 2011 1
8N06417 23 23 0 2011 0
8N06418 23 23 0 2011 0
8N06435 24 23 1 2011 0
8N06449 23 23 0 2011 0
8N06801 22 23 1 2011 0
8N06802 22 23 1 2011 0
8M71515 22 22 0 2011 1
8M71573 22 22 0 2011 1
8M71587 22 22 0 2011 1
8M71896 22 22 0 2011 0
8N05052 22 22 0 2011 0
8N05417 22 22 0 2011 0
8N05419 22 22 0 2011 1
8N05850 20 22 1 2011 0
8N06114 24 22 1 2011 1
8N06521 22 22 0 2011 1
8N05798 38 38 0 2012 0
8N72591 38 38 0 2012 0
8N72592 38 38 0 2012 1
8N73031 38 38 0 2012 1
8N72311 28 28 0 2012 0
8N72312 28 28 0 2012 1
8N72348 28 28 0 2012 1
8N72389 28 28 0 2012 0
8N72391 28 28 0 2012 0
8N72551 28 28 0 2012 0
8N72701 28 28 0 2012 1
8N72734 26 28 1 2012 1
8N72742 28 28 0 2012 0
8N73083 28 28 0 2012 0
8N73423 28 28 0 2012 1
8N87709 77 28 1 2012 1
8N05380 35 27 1 2012 1
8N05534 27 27 0 2012 1
8N05536 27 27 0 2012 0
8N05538 27 27 0 2012 0
8N05703 27 27 0 2012 1
8N05709 27 27 0 2012 1
8N05711 27 27 0 2012 0
8N05726 27 27 0 2012 0
8N72347 28 27 1 2012 1
8N72366 27 27 0 2012 0
8N72616 27 27 0 2012 1
8N72655 27 27 0 2012 1
8N72658 27 27 0 2012 0
8N72660 27 27 0 2012 0
8N72663 27 27 0 2012 0
8N72664 27 27 0 2012 0
8N72724 20 27 1 2012 1
8N72746 27 27 0 2012 0
8N72785 27 27 0 2012 0
8N73052 27 27 0 2012 0
8N73055 27 27 0 2012 1
8N73094 27 27 0 2012 0
8N73420 28 27 1 2012 0
8N73501 27 27 0 2012 1
8N73502 27 27 0 2012 1
8N73503 28 27 1 2012 1
8N73504 27 27 0 2012 1
8N73505 27 27 0 2012 0
8N73506 27 27 0 2012 0
8N73509 27 27 0 2012 0
8N73510 27 27 0 2012 0
8N73519 27 27 0 2012 0
8N73521 27 27 0 2012 0
8N73524 27 27 0 2012 0
8N87307 27 27 0 2012 0
8N87342 27 27 0 2012 1
8N05515 26 26 0 2012 0
8N05526 26 26 0 2012 0
8N05528 26 26 0 2012 1
8N72332 26 26 0 2012 0
8N72333 26 26 0 2012 0
8N72350 26 26 0 2012 1
8N72351 26 26 0 2012 0
8N72353 26 26 0 2012 0
8N72359 27 26 1 2012 1
8N72376 26 26 0 2012 1
8N72512 26 26 0 2012 1
8N72516 26 26 0 2012 0
8N72519 26 26 0 2012 1
8N72574 26 26 0 2012 0
8N72575 26 26 0 2012 1
8N72578 26 26 0 2012 1
8N72603 26 26 0 2012 0
8N72630 26 26 0 2012 1
8N72633 26 26 0 2012 0
8N72668 26 26 0 2012 0
8N72669 26 26 0 2012 0
8N72670 26 26 0 2012 1
8N72716 26 26 0 2012 1
8N72717 26 26 0 2012 0
8N72719 26 26 0 2012 1
8N72736 26 26 0 2012 1
8N72737 26 26 0 2012 0
8N72738 26 26 0 2012 1
8N72795 26 26 0 2012 0
8N73001 26 26 0 2012 0
8N73003 26 26 0 2012 1
8N73012 26 26 0 2012 0
8N73013 26 26 0 2012 0
8N73021 26 26 0 2012 1
8N73050 26 26 0 2012 0
8N73056 26 26 0 2012 1
8N73057 26 26 0 2012 1
8N73074 26 26 0 2012 1
8N73401 26 26 0 2012 0
8N73402 26 26 0 2012 1
8N73406 26 26 0 2012 0
8N73407 26 26 0 2012 1
8N73409 26 26 0 2012 1
8N73507 26 26 0 2012 0
8N73508 26 26 0 2012 1
8N73526 26 26 0 2012 1
8N73527 26 26 0 2012 1
8N73528 26 26 0 2012 1
8N73529 26 26 0 2012 1
8N73530 26 26 0 2012 1
8N87368 26 26 0 2012 1
8N87369 26 26 0 2012 1
8N87371 26 26 0 2012 0
8N87372 26 26 0 2012 1
8N05905 20 20 0 2012 0
8N72749 20 20 0 2012 1
8N05567 35 24 1 2012 1
8N05571 24 24 0 2012 0
8N05724 22 24 1 2012 0
8N05753 22 24 1 2012 0
8N05907 20 24 1 2012 0
8N05921 24 24 0 2012 1
8N05930 24 24 0 2012 1
8N05946 24 24 0 2012 1
8N72407 35 24 1 2012 0
8N72436 23 24 1 2012 0
8N72457 24 24 0 2012 0
8N72486 24 24 0 2012 1
8N72487 24 24 0 2012 1
8N72488 24 24 0 2012 0
8N72489 24 24 0 2012 1
8N72490 24 24 0 2012 1
8N72494 24 24 0 2012 0
8N72495 24 24 0 2012 1
8N72497 24 24 0 2012 0
8N72642 23 24 1 2012 1
8N73097 22 24 1 2012 1
8N87228 24 24 0 2012 1
8N05369 23 23 0 2012 1
8N05371 23 23 0 2012 1
8N05558 23 23 0 2012 0
8N05572 24 23 1 2012 0
8N05576 23 23 0 2012 0
8N05923 24 23 1 2012 1
8N05933 24 23 1 2012 0
8N05939 23 23 0 2012 1
8N05940 23 23 0 2012 1
8N72408 35 23 1 2012 0
8N72420 35 23 1 2012 0
8N72440 23 23 0 2012 0
8N72447 24 23 1 2012 0
8N72460 23 23 0 2012 1
8N72465 23 23 0 2012 1
8N72476 23 23 0 2012 0
8N72478 23 23 0 2012 0
8N72479 23 23 0 2012 0
8N72481 23 23 0 2012 0
8N72482 23 23 0 2012 0
8N72483 23 23 0 2012 1
8N72496 24 23 1 2012 1
8N72499 23 23 0 2012 1
8N72500 23 23 0 2012 0
8N72639 26 23 1 2012 0
8N72640 23 23 0 2012 0
8N72641 23 23 0 2012 0
8N72644 23 23 0 2012 0
8N72645 23 23 0 2012 0
8N72646 23 23 0 2012 0
8N72647 23 23 0 2012 1
8N72648 23 23 0 2012 1
8N72650 23 23 0 2012 0
8N72651 23 23 0 2012 1
8N72965 28 23 1 2012 1
8N73201 23 23 0 2012 1
8N73204 23 23 0 2012 0
8N73206 23 23 0 2012 0
8N73207 23 23 0 2012 1
8N87243 26 23 1 2012 1
8N87245 77 23 1 2012 0
8N73580 23 22 1 2012 1
8N05552 23 34 1 2012 0
8N05553 23 34 1 2012 0
8N05574 24 34 1 2012 1
8N05575 24 34 1 2012 1
8N05578 24 34 1 2012 1
8N05752 22 34 1 2012 0
8N05782 23 34 1 2012 0
8N05785 23 34 1 2012 1
8N05941 23 34 1 2012 0
8N72374 27 34 1 2012 1
8N72433 23 35 1 2012 0
8N72434 23 34 1 2012 1
8N72437 23 34 1 2012 0
8N72438 23 34 1 2012 1
