id dam sire
8118424 8939392 8981850
8118425 8939392 8981850
8118426 8L48694 NA
8118429 8939615 8800436
8118430 8939392 8981850
8118432 8L30782 8887335
8118433 8L30782 8887335
8118435 NA NA
8168601 F0016 M0014
8168602 8732254 8732255
8168603 8732254 8732255
8168605 8732254 8732255
8168606 NA NA
8168607 8598907 8573515
8168608 8651898 8573872
8168610 NA M0020
8168612 8681436 8681059
8168613 8651898 8573872
8168614 8651898 M0020
8168635 NA NA
8168636 F0165 8681268
8168639 F0029 M0026
8168642 8747218 8747363
8168644 8747218 8747363
8168646 NA 8681001
8168648 8651804 8598728
8168650 8681183 M0096
8168655 F0143 8651997
8168665 NA NA
8168692 8598907 8573515
8168693 8168692 8681059
8168698 8747104 8681037
8168702 8747104 8681037
8168709 8681169 NA
8168728 NA 8681001
8168768 8747218 8747363
8168769 8747218 8747363
8168771 NA NA
8168772 NA NA
8309128 NA NA
8309135 8981267 8981822
8309140 8981274 8939535
8309141 8934066 8981270
8309143 8L48323 8L48479
8309150 8939615 8800436
8309155 8981803 8887315
8309156 8939615 8934333
8309158 8943064 8L52943
8309159 8939617 8934333
8309161 8939617 8L52404
8309164 8939582 8943801
8309171 8L19912 8L30598
8309173 F0129 8L48336
8309175 8934304 8L48451
8309182 NA 8816497
8309184 8981545 M0092
8309185 8L52212 8981265
8309186 8668490 8939391
8309190 8L48476 8981805
8309191 8118435 8L30882
8309195 8L30599 8981806
8309197 8981274 M0166
8309201 8L52624 M0167
8309206 NA 8939425
8309251 8934304 8L48451
8309252 8939749 8981823
8309254 8981280 8939199
8309262 NA NA
8309263 8L30289 8981279
8309264 F0095 M0097
8309266 NA 8L52304
8309267 F0063 M0064
8309269 8L52305 8730584
8309272 8L48662 8943485
8309273 8L48418 8981007
8309274 8L52212 8981265
8309277 8L48314 8L48313
8309278 8L19912 8L30598
8309281 8L48410 8L52529
8309283 NA NA
8309285 NA NA
8309287 8857237 8L52596
8309288 F0144 8L48581
8309291 NA 8L19919
8309298 8934216 NA
8414501 NA NA
8414806 NA NA
8414812 NA NA
8537612 F0023 M0021
8537652 NA NA
8537699 F0044 M0044
8537700 F0044 M0044
8537728 NA NA
8573156 NA NA
8573187 NA NA
8573221 NA NA
8573515 NA NA
8573567 NA NA
8573572 NA NA
8573603 NA NA
8573606 NA NA
8573683 NA NA
8573845 F0023 M0021
8573856 NA NA
8573864 F0044 M0044
8573872 NA NA
8573874 NA NA
8573896 F0008 M0007
8573966 F0027 M0024
8598501 NA NA
8598555 8537728 NA
8598568 NA NA
8598593 F0079 8598614
8598594 F0079 8598614
8598595 F0079 8598614
8598596 F0079 8598614
8598602 NA NA
8598614 NA NA
8598728 NA NA
8598748 F0027 M0024
8598849 NA 8573874
8598887 NA NA
8598907 NA 8573572
8651515 NA 8573572
8651522 F0022 M0020
8651524 NA NA
8651525 NA M0020
8651527 NA NA
8651534 NA 8598568
8651539 NA 8598728
8651543 8573156 NA
8651548 F0070 M0072
8651566 NA NA
8651576 NA NA
8651586 8573606 NA
8651621 8414501 8537700
8651656 F0041 M0040
8651658 F0041 M0040
8651665 NA NA
8651695 8573606 M0043
8651701 NA NA
8651728 F0044 M0044
8651730 F0044 M0044
8651738 NA 8573872
8651743 NA NA
8651754 F0008 M0007
8651761 F0041 M0040
8651804 NA M0128
8651842 F0022 M0020
8651860 F0008 M0007
8651868 NA NA
8651869 NA NA
8651870 F0004 M0043
8651875 F0004 M0043
8651876 NA NA
8651878 F0070 M0072
8651881 NA 8573221
8651882 F0050 M0050
8651883 NA NA
8651884 F0044 M0044
8651898 NA NA
8651899 NA NA
8651927 F0050 M0050
8651948 F0143 NA
8651952 NA NA
8651975 F0004 M0043
8651979 F0088 M0094
8651985 F0080 8651883
8651993 8537612 M0137
8651997 NA NA
8651998 F0038 M0037
8668476 8887451 8981270
8668479 8L48476 8981805
8668480 8L49991 8L52963
8668482 8L30779 8L30780
8668484 8L30779 8L30780
8668490 NA NA
8681001 F0040 M0039
8681002 8651878 8573221
8681003 NA 8573856
8681005 NA NA
8681008 NA NA
8681009 NA NA
8681012 NA NA
8681017 NA NA
8681020 NA NA
8681024 F0008 8573966
8681025 F0008 8573966
8681027 8573606 M0043
8681028 F0038 M0037
8681029 NA 8651998
8681032 F0038 M0037
8681033 8681464 M0159
8681034 F0017 M0015
8681037 8573606 M0043
8681038 8651695 8414806
8681039 NA 8651979
8681040 NA NA
8681041 8651695 8414806
8681042 F0143 M0037
8681044 8651695 8414806
8681052 F0013 M0012
8681053 F0040 M0039
8681054 NA NA
8681055 8651898 8573872
8681056 F0088 M0094
8681057 8651522 8651656
8681058 8681320 M0151
8681059 8651898 M0020
8681073 8681076 M0070
8681074 NA NA
8681075 NA M0043
8681076 NA NA
8681077 8573606 M0043
8681079 8651975 8651754
8681081 8651975 8651754
8681095 F0013 M0012
8681097 8651522 8651656
8681098 NA NA
8681101 F0140 8598602
8681109 8537612 M0137
8681121 F0022 8651524
8681132 F0017 M0015
8681147 F0041 M0040
8681169 8651878 8573221
8681175 F0080 8651883
8681180 F0033 M0031
8681181 F0033 M0031
8681183 F0033 M0031
8681184 8537612 8573187
8681190 8573156 M0128
8681195 8537728 NA
8681200 8651539 8598887
8681207 NA NA
8681208 NA NA
8681214 NA NA
8681251 F0080 8651883
8681253 F0080 8651883
8681254 F0080 8651883
8681258 8573156 M0085
8681259 8414501 8537700
8681260 8414501 8537700
8681261 8414501 8537700
8681268 F0039 M0038
8681272 F0039 M0038
8681308 8651543 8598568
8681309 8651543 8598568
8681317 NA NA
8681319 NA M0070
8681320 NA NA
8681321 F0022 8651524
8681322 F0022 8651524
8681342 NA NA
8681352 8598907 8573515
8681355 8651869 8651876
8681356 8651869 8651876
8681361 NA M0085
8681369 F0066 M0066
8681370 F0066 M0066
8681371 F0066 M0066
8681374 8537612 8573187
8681397 NA NA
8681403 NA NA
8681409 8651870 NA
8681413 F0139 8651860
8681414 F0139 8651860
8681415 F0139 8651860
8681416 F0139 8651860
8681419 8414501 8537700
8681420 NA 8537699
8681422 8651621 8651884
8681423 8573567 8651576
8681434 NA NA
8681436 NA NA
8681438 F0140 8598602
8681447 NA NA
8681452 8651975 NA
8681454 8651875 NA
8681462 8681464 8651948
8681464 NA M0020
8681466 8651515 8651701
8681468 F0017 M0015
8681469 F0017 M0015
8730413 8681169 8573856
8730417 F0016 M0014
8730418 8651548 8573572
8730421 8651878 8573221
8730431 8681413 8681074
8730436 NA NA
8730437 NA NA
8730439 F0088 M0094
8730441 8651534 8573856
8730442 NA NA
8730443 8651868 NA
8730453 NA 8651948
8730454 NA M0159
8730457 F0140 8598602
8730483 8414812 M0032
8730486 8730453 NA
8730493 8681254 M0085
8730496 8651543 8598728
8730497 8651543 8598568
8730498 8651543 8598568
8730503 NA NA
8730506 8681414 8730517
8730509 8681414 8730517
8730517 F0134 8651743
8730518 NA NA
8730522 8573156 M0128
8730527 F0086 M0091
8730528 F0086 M0091
8730529 F0086 M0091
8730535 8681025 M0070
8730537 8730503 8681181
8730538 8730503 8573896
8730577 8681042 8681466
8730579 8681042 8681466
8730584 8681039 8651876
8730586 8681039 8651876
8730902 NA NA
8730969 NA NA
8730979 8681101 8598849
8730981 8681101 8598849
8730987 F0080 8651883
8730993 8651543 8598568
8730998 8537612 M0085
8732205 8681356 8651899
8732211 8730442 8681038
8732213 8681075 8651948
8732247 8651878 8598887
8732249 8730436 8414806
8732254 NA NA
8732255 NA NA
8732288 NA NA
8732292 8537728 8573896
8732293 8537728 8573896
8732294 8537728 8573896
8732296 8681028 8730454
8732552 NA NA
8732559 8414812 M0032
8732561 F0077 M0083
8732565 NA NA
8732600 NA NA
8732637 8651869 8573896
8732638 8651695 8414806
8732639 8681415 8651743
8732640 8573606 M0043
8732641 NA 8573896
8732644 F0143 8651997
8732646 NA NA
8732647 NA NA
8732648 8414812 M0032
8732649 F0082 8651860
8732650 8681447 8681037
8732651 8681077 8651948
8732652 8651870 8651948
8732653 8681464 8730454
8732654 NA 8651701
8732656 8681034 8681462
8732657 F0082 8651860
8732659 8681464 8730454
8732660 8681029 M0037
8732676 F0077 M0083
8732678 8730417 8681175
8732680 F0013 M0012
8732681 NA NA
8732685 NA NA
8732686 8651695 8414806
8732687 NA NA
8732689 F0134 8651743
8732690 F0064 8651979
8732691 NA NA
8732695 F0026 8537652
8732696 8681183 M0096
8732697 8651804 8598728
8732698 8681054 8681309
8732699 NA NA
8732700 NA NA
8747012 NA NA
8747100 F0064 8651979
8747101 NA 8681403
8747102 NA 8681012
8747103 NA NA
8747104 8681464 8730454
8747105 F0143 8651998
8747109 8681436 8730902
8747114 F0041 M0040
8747117 NA NA
8747118 8732660 8747105
8747125 8730417 8681040
8747218 NA NA
8747220 8681415 8651899
8747221 8747229 8747227
8747222 8747229 8681012
8747223 8747229 8747227
8747224 NA 8681454
8747225 8732654 8730509
8747227 NA NA
8747228 NA NA
8747229 NA NA
8747233 F0026 8537652
8747234 NA NA
8747239 F0059 M0056
8747254 8681436 8730902
8747256 NA NA
8747257 8681436 8730902
8747258 F0166 8730902
8747259 NA NA
8747260 8414812 8573874
8747263 8732656 8681370
8747267 NA 8747228
8747270 8732660 8651701
8747283 NA NA
8747363 NA NA
8747364 NA NA
8747365 8681029 M0037
8747366 F0059 M0056
8747369 8681419 M0168
8747371 8681260 8537699
8747373 NA NA
8747399 8681101 8681057
8747406 8681008 8651728
8747408 8681008 8537700
8747410 8681420 8681423
8747412 8681184 8573856
8747417 8747117 8747259
8747424 NA M0070
8747517 NA NA
8747518 8681029 M0124
8747519 NA NA
8747520 NA 8730437
8747526 8651898 8573872
8747527 NA 8651656
8747529 8414812 M0151
8747532 NA NA
8747534 NA 8732640
8747548 8168602 8168601
8747549 8732254 8747234
8747550 8732254 8168601
8747551 8732254 8747234
8747552 8732254 8747234
8747553 8732254 8168601
8747554 8747606 8681012
8747555 F0115 8730584
8747561 8747606 8681012
8747563 8732687 8651979
8747564 NA NA
8747565 8747103 M0043
8747603 NA NA
8747604 8681183 8732565
8747606 NA NA
8747608 8598501 8651525
8747609 8681009 8651576
8747623 8681447 8681037
8747624 8747623 8732640
8747630 8732700 8681001
8747636 8651543 8681309
8747691 NA NA
8747692 8573567 8651576
8747693 8681261 8651730
8747694 8681261 8651730
8747698 F0059 M0056
8747699 NA NA
8747703 8732652 8747532
8747705 8747100 8651948
8747720 8681447 8681037
8747722 NA 8651998
8747725 8681029 M0124
8747726 NA NA
8747729 NA 8732646
8747740 NA NA
8747741 NA 8747260
8747748 8732691 8747228
8747749 8732293 8732647
8747756 NA NA
8747757 NA NA
8747758 NA NA
8747759 8747603 8730421
8747760 F0126 8747363
8747761 F0126 8747363
8747764 8747756 8747563
8747777 NA NA
8747780 8732681 8730987
8747781 8732681 8730987
8747799 8800440 8747759
8747805 NA NA
8747807 8651522 8168608
8747808 8681200 NA
8747809 8651878 8168648
8747811 F0029 M0026
8747813 8732254 8168601
8747871 F0005 M0004
8747872 8800467 NA
8747878 NA NA
8747900 8794305 M0112
8747901 8800416 8800395
8747905 8800437 M0145
8747906 8800437 M0145
8747936 8800375 8800497
8747940 8747604 8800371
8747941 8747604 8800371
8747942 8747604 8800371
8747948 8681169 8732565
8747974 NA NA
8747976 8537728 8732647
8747979 8537728 8732647
8747982 8732700 8573572
8794301 NA 8651997
8794302 8747101 8651979
8794305 F0029 M0026
8794306 8681183 8732565
8794307 8730496 8730535
8794367 8747636 8732695
8794368 8747636 8732695
8794372 8681184 8732565
8794375 NA NA
8800018 8732690 8730584
8800019 8732690 8730584
8800021 8732690 8730584
8800022 8730496 M0120
8800023 F0167 8794301
8800025 NA NA
8800027 8794305 8800439
8800028 8168639 8747698
8800029 8168639 8747698
8800030 F0115 8730584
8800031 F0115 8681081
8800035 NA NA
8800037 F0115 8681081
8800038 8747534 8681038
8800041 8681200 8732696
8800042 8168639 8747698
8800045 F0060 M0057
8800046 F0060 M0057
8800059 NA NA
8800060 NA NA
8800061 NA NA
8800066 8651543 8681052
8800073 8730483 M0141
8800074 8730496 M0093
8800075 NA NA
8800077 F0060 M0057
8800090 8168692 8681059
8800091 NA NA
8800094 8168692 8681059
8800095 NA NA
8800101 NA NA
8800102 8732254 8747234
8800104 NA NA
8800166 8732254 8747234
8800168 8800101 8168606
8800170 8732254 8747234
8800171 8732254 8747234
8800175 8747258 NA
8800176 F0084 8747805
8800177 8168692 8681059
8800178 8730483 M0141
8800179 NA NA
8800181 8747807 NA
8800182 F0078 M0086
8800185 NA NA
8800196 F0090 M0095
8800199 F0090 M0095
8800302 NA 8800405
8800303 NA NA
8800307 8681420 8651728
8800314 8747104 8732288
8800321 8747549 8747551
8800322 8747549 8747551
8800352 NA NA
8800353 NA NA
8800354 NA NA
8800355 8747554 8681079
8800356 NA NA
8800357 8168613 M0122
8800370 NA NA
8800371 8730417 8732680
8800372 8730417 8732680
8800375 8730417 8732680
8800376 8730417 8732680
8800382 8732681 8730987
8800390 8168614 8651665
8800391 8732637 8732659
8800392 8732637 8732659
8800395 NA NA
8800397 8800427 8651998
8800402 8747364 8681462
8800404 8747103 M0043
8800405 NA NA
8800416 8747725 8168702
8800417 8747725 M0169
8800418 8747283 NA
8800424 F0117 8168601
8800426 NA NA
8800427 8651870 8651948
8800428 8537728 NA
8800434 8747399 8747529
8800436 8800185 8732552
8800437 F0078 M0086
8800439 NA NA
8800440 NA NA
8800441 NA NA
8800450 8681260 8747410
8800467 NA 8681454
8800468 F0065 8681462
8800469 8681029 8800426
8800470 NA NA
8800477 8681054 8168709
8800478 8681054 8168709
8800482 8681008 8537700
8800488 F0117 8168601
8800489 NA 8168601
8800490 F0117 8168601
8800494 8747553 8747552
8800495 8747553 8747552
8800497 NA NA
8800504 8537728 8573896
8800510 8747364 8681037
8800511 8168613 M0122
8800512 NA NA
8800515 8732648 8747699
8800517 8747722 8168702
8800519 F0112 8732649
8800521 8747722 8168702
8800523 F0137 8168612
8800524 F0084 8747805
8800529 8800104 8168605
8800533 8168602 M0170
8800535 8747548 8800102
8800537 8800104 8168605
8800538 8681447 8681037
8800547 F0112 8732649
8800550 8800515 NA
8800556 NA NA
8800567 F0137 8168612
8800568 NA NA
8800570 8681029 8800426
8800574 8747518 8800538
8800592 8747756 8651979
8800593 8800427 NA
8800612 8681447 8681037
8800613 8730496 M0093
8800614 F0065 8681462
8800615 8681034 M0082
8800616 NA 8747239
8800617 F0113 M0119
8800935 8800489 8800170
8800936 8800489 8800170
8800937 8800489 8800170
8816407 8887286 8939607
8816408 8934374 8934058
8816409 8934374 8934058
8816417 8L30449 8934559
8816420 8887206 8981805
8816427 8L49934 8887455
8816428 8L49934 M0158
8816442 F0104 8887238
8816452 8934028 8L48608
8816455 8L52967 8934333
8816456 8L52967 8934333
8816467 F0101 8L30878
8816483 8981289 8L52954
8816486 F0144 8L48581
8816491 F0018 M0016
8816494 NA NA
8816495 8981002 NA
8816496 8939749 8939359
8816497 NA NA
8816901 8L48457 8887264
8816918 8L52959 8L52674
8816919 8866741 8L52920
8816921 8939704 8981850
8816924 NA NA
8816929 8939091 8934600
8816930 8981861 8L52420
8816931 F0092 8L48474
8816932 F0092 8L48474
8816936 8L30596 8L52552
8816937 F0092 8L48474
8816940 8981861 8L52420
8816942 NA 8L52974
8816943 8L48319 8L52974
8816944 8L52973 8L30446
8816947 8943039 8981031
8816948 NA NA
8816949 NA NA
8816952 NA M0187
8816953 8943039 8981031
8816954 8L19825 8L48478
8816955 8L48476 8981033
8816956 NA M0187
8816957 8L48476 8981033
8816959 NA NA
8816963 8981962 8L48540
8857202 8651534 8573856
8857205 8800077 8800314
8857207 8794305 M0112
8857208 8794305 M0112
8857210 8681054 8168709
8857213 8747799 8681052
8857215 8800424 8747551
8857220 8732293 8747220
8857223 F0168 8800434
8857226 NA NA
8857230 8800511 M0131
8857231 F0169 8747729
8857232 F0115 8730584
8857233 8857232 8794301
8857237 8800018 M0171
8857243 8747517 M0120
8857246 NA NA
8857249 8681419 8800395
8857252 8857202 8681251
8857273 NA NA
8857274 8747548 8800102
8857275 8732254 8747551
8857276 8732254 8747551
8857277 NA NA
8857278 8747548 8800102
8857279 8747548 8800102
8857281 8747553 8747552
8857284 NA NA
8857285 8800489 8800102
8857401 8800375 8732565
8857404 8800375 8800497
8857405 F0005 M0004
8857407 NA NA
8857415 F0065 8681462
8857416 F0065 8168702
8857724 8800568 8573572
8857730 8800066 8800478
8857739 8747982 8800042
8857740 8747725 8800547
8857748 8857202 8681251
8857752 8168614 8651665
8857754 8747722 M0082
8857767 8800592 8747726
8857778 8800094 8887421
8857780 8800094 8887421
8857946 8800045 8800614
8866704 8800417 8866754
8866710 F0084 8747259
8866716 8747604 8800371
8866718 8857401 M0138
8866720 8857401 M0138
8866730 8800416 8887341
8866741 8681054 8168709
8866745 8747781 8747809
8866750 8681419 8747410
8866751 F0113 M0119
8866752 8747229 8732646
8866754 8747222 8681095
8866766 8537728 8800615
8866773 8800104 8747552
8866783 8747900 8747729
8866786 8800077 8800547
8866789 8800077 8800547
8866790 8800519 8747729
8866791 F0043 M0042
8866792 8732690 8730584
8866795 8857226 8651665
8866799 8857226 8651665
8866800 8747758 8747408
8887035 NA M0160
8887037 NA NA
8887130 F0021 M0019
8887205 8681054 8168709
8887206 8681054 8168709
8887207 F0213 8732695
8887210 8857208 8747941
8887211 8857208 8747941
8887220 8800066 8800477
8887226 8747722 M0082
8887230 8732690 8730584
8887232 8747554 8681403
8887233 8747554 8681403
8887238 NA NA
8887240 F0024 M0022
8887241 NA NA
8887245 NA NA
8887249 8800592 8747749
8887262 8800104 8747552
8887264 8800937 8857215
8887266 8857275 8800321
8887267 F0020 M0018
8887277 8857205 M0084
8887278 8732690 8730584
8887279 8732690 8730584
8887281 8747760 8866751
8887283 8800468 8866791
8887286 8732690 8730584
8887290 8732687 8747720
8887291 8800521 8800357
8887310 8800574 8747979
8887311 8800574 M0172
8887315 8800521 8800357
8887316 8857226 8168612
8887318 F0137 M0145
8887319 8887316 8800091
8887324 8800196 8800179
8887335 8857202 8681251
8887341 8730579 NA
8887342 8800417 8747720
8887344 8800038 8747520
8887345 8800038 8857207
8887346 8800038 8857207
8887349 8857407 8800615
8887352 8857407 8800615
8887353 8800372 NA
8887354 8794305 8747948
8887356 8732254 8800495
8887357 8800490 8747552
8887358 8747548 8800495
8887360 8800489 8800529
8887368 8800550 8857405
8887370 8800550 8800614
8887373 8857401 M0138
8887379 8747604 8800371
8887385 F0006 M0005
8887396 8800936 8747551
8887399 8857279 8800529
8887406 8800490 8747552
8887408 8800177 8800181
8887411 NA NA
8887414 F0168 NA
8887416 F0045 M0045
8887421 8800185 8732552
8887422 F0021 M0019
8887423 F0021 M0019
8887439 8800468 8747561
8887440 8800519 M0161
8887445 8800521 8800510
8887448 8747534 8800046
8887449 8732687 M0131
8887450 8800467 NA
8887451 8732687 M0131
8887452 8732687 8747720
8887453 8800468 8730584
8887455 NA 8800370
8887458 NA NA
8887460 F0024 M0022
8887462 NA NA
8887472 8800440 8800376
8887474 8857401 8800376
8887475 8800375 8800376
8887477 8747940 8800376
8887478 NA NA
8887481 NA NA
8887484 F0045 M0045
8887486 8747534 8800046
8887488 F0065 8168702
8887490 8800937 8857215
8887495 NA NA
8904654 NA NA
8904657 NA NA
8904661 NA NA
8904683 F0002 M0002
8934027 NA 8866710
8934028 8887416 8800176
8934033 8800094 M0058
8934039 NA NA
8934040 NA 8887240
8934058 8732690 8747720
8934059 8747534 8887345
8934062 8732690 8747720
8934064 F0055 M0053
8934066 8934373 8866786
8934069 8887439 M0173
8934070 NA NA
8934072 NA 8800046
8934073 NA NA
8934075 8866789 8857405
8934077 8747799 8730493
8934087 8857237 M0174
8934089 8800550 8857405
8934090 NA NA
8934095 8857208 8800376
8934214 F0053 M0019
8934215 F0053 M0019
8934216 8747604 8800376
8934217 8800375 8887379
8934219 8857208 8887379
8934224 8857401 8747941
8934225 8887472 8887210
8934227 8800937 8747551
8934228 8887490 8857278
8934231 NA NA
8934236 8934475 M0035
8934267 F0170 8651998
8934301 8800519 M0161
8934302 F0055 M0053
8934304 8887277 8887278
8934311 F0171 8800510
8934313 8800468 8730584
8934326 F0084 M0175
8934329 8934355 8800436
8934333 8866741 M0176
8934338 8747553 8857284
8934339 8747553 8747552
8934343 8887360 M0177
8934353 NA 8887440
8934354 F0043 M0042
8934355 F0043 M0042
8934363 8934311 8943121
8934364 8934311 8943121
8934367 8887230 8887281
8934368 8887230 8800046
8934369 8800574 8887233
8934373 8747760 M0120
8934374 8800574 8887233
8934375 8800521 8800357
8934376 8800428 NA
8934380 NA NA
8934385 F0163 M0129
8934386 F0163 M0129
8934392 F0014 M0129
8934393 F0014 M0147
8934395 8934875 M0019
8934398 F0030 M0027
8934399 F0030 M0027
8934400 8887291 8887423
8934426 NA NA
8934451 NA NA
8934458 8747940 8800376
8934459 8800372 8800371
8934460 8794305 8747698
8934462 NA M0019
8934471 NA M0150
8934472 NA NA
8934473 NA NA
8934474 NA NA
8934475 NA NA
8934481 NA NA
8934484 NA M0065
8934489 F0175 M0227
8934497 8747604 8800371
8934498 8747604 8800371
8934499 8857401 8747941
8934501 8857401 8800376
8934514 8934311 8943121
8934532 8800104 8857285
8934534 8800935 M0121
8934537 8800935 M0121
8934542 8934302 8887226
8934547 8800417 8866754
8934559 8747940 M0178
8934565 8943080 NA
8934585 F0014 M0129
8934588 F0030 M0027
8934596 8800936 8747551
8934600 8887474 8887373
8934801 F0020 M0018
8934805 8800090 8800175
8934806 F0051 M0051
8934808 F0051 M0051
8934813 8934426 NA
8934820 NA NA
8934823 NA M0129
8934828 F0071 M0129
8934854 8794305 8800371
8934855 8794305 8800371
8934867 F0037 8887035
8934868 F0037 M0036
8934869 F0037 M0036
8934871 NA NA
8934875 NA M0129
8934876 F0128 M0079
8934879 F0128 M0129
8934880 F0128 M0079
8934881 NA M0079
8934883 8934472 8934473
8934884 8934474 NA
8934885 8934474 M0126
8934886 8934474 M0126
8934893 8934313 8800615
8934895 8934313 8800615
8934899 F0106 8747871
8939024 8887370 8887279
8939028 NA NA
8939034 8939603 8887345
8939037 8800440 8800376
8939038 8887472 8887210
8939040 8168614 8800436
8939042 8168614 M0146
8939043 8168614 M0146
8939045 NA NA
8939047 F0084 8887324
8939052 NA NA
8939054 NA M0103
8939056 NA NA
8939059 F0067 M0068
8939076 F0105 M0109
8939085 F0150 8732659
8939086 8943023 8800469
8939088 8857208 8800376
8939091 F0125 8934559
8939092 NA NA
8939093 F0015 M0013
8939095 8887406 8857278
8939097 8887360 8934537
8939101 NA 8934329
8939106 F0042 M0041
8939107 F0042 M0041
8939113 8800935 M0121
8939117 8887406 8887399
8939118 8857276 8857284
8939119 8887360 8934339
8939121 8887206 8747936
8939122 NA NA
8939124 8887206 8747936
8939125 8943039 M0034
8939131 F0153 8943743
8939137 8747900 8747729
8939139 8887360 8934339
8939140 8887406 8887399
8939141 8857276 8857284
8939150 8857208 8800376
8939151 8857208 8800376
8939157 8943735 8943892
8939158 F0119 8857767
8939159 F0119 8887345
8939163 NA NA
8939164 8800090 8857752
8939175 8934374 8887448
8939180 8939603 8887345
8939181 NA 8857230
8939184 NA NA
8939192 8934373 8943009
8939195 NA M0173
8939196 NA NA
8939197 8934267 8934073
8939199 F0161 8934368
8939344 8934077 M0102
8939345 F0105 M0109
8939352 NA NA
8939353 8934267 8934073
8939359 NA NA
8939360 F0034 M0033
8939367 NA NA
8939377 NA NA
8939391 8857205 8887344
8939392 8800196 8943736
8939416 8887422 M0019
8939419 8943473 8934869
8939422 F0118 8943758
8939425 8943475 NA
8939427 NA NA
8939429 F0009 M0008
8939431 8800375 8800376
8939441 NA 8943756
8939442 F0128 M0129
8939443 F0067 M0068
8939457 8939442 M0075
8939460 8939442 M0075
8939462 F0172 8887423
8939465 8943484 8934514
8939475 NA NA
8939491 F0006 M0005
8939492 NA NA
8939494 F0106 8747871
8939495 NA NA
8939498 8934472 M0019
8939506 8800417 8866754
8939519 8943083 8939122
8939521 8943083 8939122
8939524 8943066 8857278
8939525 8943066 8857278
8939526 8887266 8943801
8939533 8857754 8939607
8939534 8857754 8939607
8939535 8857754 8939607
8939538 8934373 8943009
8939539 8934373 8943009
8939542 8934373 8943009
8939544 8934400 M0226
8939551 8934040 8887462
8939555 8943129 8747936
8939561 8934899 8887385
8939562 F0102 8943141
8939569 8939163 8866710
8939574 NA NA
8939578 8934451 8887238
8939579 8934451 8887238
8939582 8747553 8943110
8939584 8939024 M0082
8939590 8943829 M0179
8939594 F0003 M0003
8939595 F0003 M0003
8939602 8939181 8934058
8939603 NA NA
8939605 8800417 8866754
8939607 8747764 M0180
8939608 F0094 8730584
8939610 8857202 M0132
8939611 8857202 M0132
8939613 8887205 8866745
8939615 NA NA
8939617 NA NA
8939619 8857205 M0084
8939622 8943064 8887267
8939627 8934893 8943009
8939629 NA NA
8939630 NA NA
8939631 F0125 8934559
8939632 F0125 8934559
8939633 8943039 M0034
8939704 8857780 8800436
8939705 8800090 8857752
8939706 8934028 8887484
8939718 F0173 8887240
8939726 8934355 8887484
8939728 F0149 8939629
8939733 F0034 M0033
8939743 8934879 NA
8939745 F0161 8934368
8939746 8939052 8934089
8939747 8943894 M0102
8939748 8887370 8887279
8939749 F0149 8800517
8939750 8887370 8887279
8939762 8857205 8887344
8939763 8857205 8887344
8939764 F0174 M0084
8939768 NA NA
8939769 F0062 M0062
8939773 F0062 M0062
8939804 F0036 M0035
8939805 F0036 M0035
8939806 8943474 M0149
8939807 8943474 M0149
8939815 8939442 M0075
8939816 8939442 M0075
8939818 F0019 M0017
8939819 F0019 M0017
8939821 8904661 M0063
8939824 NA NA
8939872 8934875 8934473
8939874 8934481 M0065
8939875 8934481 M0065
8939876 8934481 M0065
8939897 8887368 8887342
8939898 8887368 8887342
8939899 8887368 8887342
8943003 F0175 8887319
8943009 8934376 8857230
8943012 8887490 8857278
8943013 8800937 8857215
8943014 NA NA
8943023 8857754 8857767
8943024 8857754 8857767
8943025 8857754 8730584
8943039 NA NA
8943043 8887316 8747872
8943061 F0071 M0129
8943064 8887411 NA
8943066 8857276 8857284
8943067 8866773 8887357
8943080 8681101 8730979
8943082 8866752 8866751
8943083 8747982 8800042
8943103 8857276 8747551
8943105 8800935 M0121
8943106 8800935 M0121
8943109 8800936 8747551
8943110 8866773 8887357
8943113 8887451 8887346
8943121 8747222 8800614
8943125 8887283 8887249
8943129 8681054 8168709
8943135 F0006 M0005
8943141 8800416 8887341
8943142 NA NA
8943143 8934899 8887385
8943164 8887422 M0079
8943165 8887422 M0079
8943168 8800090 8800175
8943402 8800574 8887233
8943405 8800592 M0082
8943422 NA 8934876
8943424 F0036 M0035
8943426 F0036 M0035
8943429 8887291 M0051
8943438 F0037 8934484
8943458 F0102 8943141
8943459 F0102 8943141
8943469 8943761 M0078
8943470 8943761 M0078
8943473 NA M0019
8943474 F0053 M0019
8943475 F0068 M0069
8943484 8934474 M0126
8943485 NA NA
8943486 F0176 8800517
8943496 8934886 M0222
8943498 NA NA
8943549 F0093 8857946
8943578 8904661 M0063
8943580 8904661 M0063
8943587 F0068 M0069
8943733 NA NA
8943735 8800521 8800357
8943736 8800090 8800175
8943737 NA NA
8943743 8800094 M0058
8943752 F0177 8887349
8943753 8934471 8934473
8943754 8934471 8934473
8943756 8934475 M0035
8943758 NA 8887423
8943760 F0002 M0002
8943761 NA NA
8943762 NA NA
8943766 NA NA
8943767 8887422 M0079
8943797 F0135 8934884
8943801 8857276 8857284
8943802 8800936 8747551
8943803 8866773 8887357
8943805 NA NA
8943808 NA NA
8943814 NA NA
8943818 NA NA
8943829 NA NA
8943836 8800196 8800179
8943837 8800090 8800175
8943857 F0014 M0147
8943880 8800038 8857207
8943882 8800038 8857207
8943889 8934364 8857767
8943892 8887370 8866786
8943894 8887370 8887279
8943897 F0153 8943743
8981002 NA 8934368
8981003 F0157 8939085
8981005 8934077 8934089
8981007 8934062 M0102
8981008 F0105 M0225
8981009 F0110 8943897
8981011 NA NA
8981012 8939602 8981723
8981015 8943039 M0034
8981016 F0125 8934559
8981018 NA NA
8981020 8934077 8934089
8981021 8939091 8934600
8981024 8939157 M0102
8981025 F0110 8943897
8981026 NA NA
8981027 8939749 8981823
8981029 8800416 8887341
8981030 F0049 M0049
8981031 8939125 M0034
8981032 8943039 M0034
8981033 NA NA
8981036 8168614 M0146
8981038 8943106 M0121
8981229 NA NA
8981237 NA NA
8981241 NA NA
8981247 F0094 8730584
8981248 NA 8887226
8981253 8934373 8939195
8981262 8939821 8939551
8981263 NA NA
8981264 8939602 8981723
8981265 8939762 8939534
8981266 8939615 8800436
8981267 8887370 M0154
8981268 8857205 8887344
8981270 NA NA
8981272 8857205 8887344
8981273 F0110 8943897
8981274 8939762 8939534
8981277 F0157 M0181
8981278 8934062 8934069
8981279 8800550 8866704
8981280 8857205 8887344
8981281 NA 8939764
8981283 8981802 8939768
8981284 8939360 M0182
8981286 NA NA
8981287 8887451 8800469
8981289 8934077 8934089
8981290 8981857 8943882
8981293 8939180 M0183
8981296 8939762 8939534
8981310 NA NA
8981312 F0178 8939806
8981313 8943164 8934876
8981318 8857780 8887267
8981325 8939392 8934333
8981503 F0047 M0047
8981536 8934875 8934473
8981545 NA NA
8981582 8934399 M0071
8981601 8943066 8857278
8981602 8943066 8857278
8981604 8943013 8934338
8981605 8800936 8747551
8981606 NA NA
8981607 8943013 8934338
8981608 NA NA
8981609 F0094 8730584
8981643 8943753 NA
8981652 NA NA
8981657 8943475 M0071
8981676 F0173 M0226
8981701 8943142 8943752
8981702 NA NA
8981703 NA NA
8981704 NA NA
8981707 8981824 8939769
8981708 F0120 8939344
8981711 NA NA
8981714 F0015 M0013
8981715 F0015 M0013
8981720 NA NA
8981722 NA NA
8981723 NA NA
8981733 NA NA
8981734 NA NA
8981738 8943129 8887335
8981739 8939124 8939037
8981741 8934854 NA
8981754 NA M0158
8981773 8934217 8939151
8981774 8934217 8939151
8981784 8981803 8887315
8981786 8981803 8887315
8981791 F0179 8939569
8981792 8800094 8981850
8981801 NA NA
8981802 F0097 M0101
8981803 F0018 M0016
8981804 NA NA
8981805 NA NA
8981806 8732690 8747720
8981807 NA NA
8981820 8939763 8939535
8981821 8939762 8939534
8981822 F0180 8866786
8981823 NA NA
8981824 F0049 M0049
8981832 8934472 M0103
8981850 NA NA
8981856 NA NA
8981857 8887370 8887279
8981858 F0096 M0098
8981861 F0098 M0104
8981863 F0098 M0104
8981864 8934828 8934867
8981873 NA NA
8981881 8934471 8934231
8981914 8939704 8939622
8981919 NA 8866710
8981920 NA NA
8981923 NA 8857946
8981927 F0135 8934868
8981928 F0014 M0147
8981929 NA NA
8981935 NA NA
8981940 8939475 NA
8981942 NA NA
8981944 8943475 M0071
8981945 NA 8934867
8981955 NA 8934514
8981960 F0135 8934385
8981962 8981965 8934385
8981965 NA 8887035
8981968 8981927 M0099
8981970 8981927 M0099
8981971 NA NA
8981972 NA NA
8L19501 F0181 8934473
8L19505 NA NA
8L19506 8L19505 8857946
8L19539 8981955 8934588
8L19540 8981955 8934588
8L19561 8L52272 M0163
8L19564 F0182 8L30807
8L19568 F0133 8L52283
8L19569 F0133 M0165
8L19572 F0093 M0108
8L19595 F0183 8939462
8L19616 NA NA
8L19627 NA NA
8L19633 8939475 M0223
8L19637 8L30833 8939495
8L19652 NA NA
8L19656 F0118 8939422
8L19661 8934472 M0103
8L19681 8943473 M0153
8L19688 8L30947 M0087
8L19689 8L30947 M0087
8L19693 8943429 8L30500
8L19722 8L48607 8L52597
8L19723 8L48607 8L52597
8L19728 8L48476 8939038
8L19729 8887206 8981805
8L19730 8L48476 8981033
8L19813 8981264 8939768
8L19825 NA NA
8L19830 F0184 8L48450
8L19835 8L52202 M0092
8L19839 F0129 8L48336
8L19856 NA NA
8L19858 8800935 8981038
8L19860 8800935 8981038
8L19862 F0028 M0025
8L19877 8943735 8981708
8L19891 8L48344 M0123
8L19898 8939897 8L19920
8L19899 8857780 8L52943
8L19900 NA NA
8L19912 NA NA
8L19914 F0156 8L19917
8L19917 8L30962 8981864
8L19919 8939749 8981823
8L19920 NA NA
8L19921 F0063 M0064
8L19922 8939097 8943012
8L19928 8L30761 8943801
8L19930 8800935 8981038
8L19931 8L48691 8934338
8L19932 NA NA
8L19933 NA NA
8L19934 8L30890 8939534
8L19936 8943880 8L52534
8L19937 8L52978 M0143
8L19946 NA NA
8L19958 8L30761 8943801
8L19959 8943106 M0080
8L19960 8943106 M0080
8L19961 8L48691 8934338
8L19969 NA NA
8L19972 8934066 8939535
8L19974 F0156 8L19917
8L19977 8857237 8L52596
8L19978 8L30890 8939534
8L19979 8L52533 8981272
8L19980 8L30890 8939534
8L19986 8L48480 8939037
8L19987 NA NA
8L19988 8118435 8L30882
8L19991 8L30920 8L49917
8L19992 8L30920 8L49917
8L19995 8L30920 8L49917
8L19998 8816494 8L52401
8L19999 8309291 8L89363
8L26521 8L64399 8L30500
8L26528 8L52223 NA
8L26538 8L49909 8934537
8L26570 8816921 8L52411
8L26576 8L49991 8309159
8L26578 8L49991 8309159
8L26579 8L89467 8L52920
8L26581 8939392 8981850
8L26582 8939617 8934333
8L26586 8L52978 M0143
8L26587 8L30890 8939534
8L26591 8887451 8981270
8L26595 NA NA
8L26596 NA NA
8L26597 8L49991 8L52963
8L30001 8943106 M0080
8L30208 8939617 8981722
8L30212 8939617 8981722
8L30219 F0120 8939344
8L30235 F0047 M0047
8L30248 8887406 8747551
8L30249 8943106 M0080
8L30253 8939124 8939037
8L30260 F0130 8939608
8L30261 F0130 8939608
8L30286 8857205 8887344
8L30289 NA NA
8L30291 8939095 8943801
8L30298 NA M0082
8L30300 NA 8943485
8L30301 8934820 M0184
8L30308 NA NA
8L30311 8981971 NA
8L30313 NA 8939815
8L30320 F0120 8939344
8L30327 NA NA
8L30340 F0009 M0008
8L30363 8939097 8939093
8L30364 8747548 8800495
8L30372 8934828 M0160
8L30380 8981923 8943498
8L30388 NA 8939495
8L30396 F0118 8943754
8L30401 NA 8939199
8L30444 8887474 8934225
8L30445 8747604 8934027
8L30446 8747604 8934027
8L30449 8887205 8939038
8L30451 NA NA
8L30489 8939442 M0075
8L30490 8934236 8981928
8L30496 F0014 M0147
8L30499 F0135 8934884
8L30500 8904654 M0129
8L30572 8800104 8943801
8L30591 F0110 8943897
8L30596 NA NA
8L30597 NA 8939595
8L30598 F0094 8730584
8L30599 NA NA
8L30761 8747553 8857284
8L30779 8939091 8934600
8L30780 8939091 8934600
8L30781 NA NA
8L30782 8887206 8981805
8L30783 NA NA
8L30784 F0085 M0090
8L30807 F0123 8934473
8L30809 F0123 8934473
8L30819 8L48565 M0087
8L30828 8981960 M0156
8L30829 NA NA
8L30832 NA NA
8L30833 8943469 M0030
8L30835 8981927 M0147
8L30848 F0036 8934395
8L30851 8981863 8L30958
8L30876 F0185 8887238
8L30878 8939125 8939037
8L30879 8939125 8939037
8L30882 8939125 8939037
8L30886 8943459 8943752
8L30890 8943894 8L30260
8L30892 8939749 8939359
8L30893 8981267 8981007
8L30898 8939197 M0092
8L30917 8981965 8934385
8L30919 8981965 8934385
8L30920 8943459 8887385
8L30922 8943459 8747901
8L30947 F0014 M0147
8L30958 8943475 M0071
8L30959 8981927 M0099
8L30962 8943475 M0071
8L30963 8943469 NA
8L48310 8934374 M0225
8L48311 8866789 8L30320
8L48312 8981264 8939768
8L48313 8981267 8981007
8L48314 8939197 8939733
8L48315 8981264 8939768
8L48318 8981801 8943486
8L48319 NA NA
8L48320 F0142 8L52974
8L48323 F0142 8L52974
8L48334 8L52967 M0185
8L48336 8L30599 8939608
8L48337 8L30599 8939608
8L48344 8934899 8887385
8L48350 8857237 8939748
8L48352 NA 8939748
8L48365 8981284 M0092
8L48368 8981277 8939085
8L48371 8887472 8981033
8L48377 8887474 8887373
8L48381 F0164 M0158
8L48398 8981711 8943458
8L48399 8981711 8943752
8L48404 8L30962 NA
8L48405 F0014 M0147
8L48407 8939874 8943766
8L48408 8L30962 8981864
8L48410 F0007 M0006
8L48414 NA NA
8L48417 F0007 M0006
8L48418 NA NA
8L48427 8981960 8943578
8L48428 8981945 M0156
8L48430 8L30962 8981864
8L48432 F0135 8981864
8L48435 8L30959 M0186
8L48436 8939874 8943766
8L48438 8981264 8939768
8L48440 8939197 8939733
8L48441 8981707 8981248
8L48443 8939602 8981279
8L48444 8981264 8939768
8L48445 8L48592 8L52211
8L48446 F0118 8934876
8L48448 NA 8747720
8L48450 8981264 8939768
8L48451 8939824 8939462
8L48452 8981024 8943486
8L48454 8981281 M0154
8L48455 8934304 8939764
8L48457 8800935 8981038
8L48459 8943106 M0080
8L48461 8943105 8L48501
8L48463 8939095 8857284
8L48467 8L48691 8939119
8L48469 8939139 8943012
8L48473 8887472 M0187
8L48474 F0096 M0098
8L48476 NA NA
8L48477 8887472 8934559
8L48478 8943039 8981031
8L48479 8887206 8981805
8L48480 F0085 M0090
8L48501 8800935 8747551
8L48507 NA NA
8L48540 8934820 8L30500
8L48542 8L30947 8981657
8L48555 NA NA
8L48565 NA NA
8L48574 NA NA
8L48581 F0119 8857767
8L48583 8939360 8981273
8L48592 8857205 8887344
8L48598 8934392 M0157
8L48602 8939034 8981804
8L48607 F0084 8887324
8L48608 8939392 8934333
8L48609 NA NA
8L48610 F0186 8981822
8L48611 8981029 8939106
8L48651 F0107 M0110
8L48661 8L48592 8981005
8L48662 8L48592 8981005
8L48691 8939095 8943801
8L48692 F0106 NA
8L48694 8L48607 8L48608
8L48695 8L48607 8L48608
8L49909 8939141 8981602
8L49910 F0105 8981823
8L49912 8L48344 8L48611
8L49917 F0187 8939106
8L49930 8934879 8800556
8L49934 8934806 NA
8L49935 8L49934 M0158
8L49938 8866789 8L19813
8L49943 NA 8981030
8L49957 8981018 8939519
8L49958 8981018 8939519
8L49959 8981018 8939519
8L49960 8981018 8939519
8L49963 8L48480 8939037
8L49969 F0101 8L30878
8L49974 8L52310 8L48440
8L49991 NA NA
8L52202 8943880 8943485
8L52209 8800375 8887379
8L52210 NA NA
8L52211 8939728 NA
8L52212 8857205 8887344
8L52214 NA NA
8L52223 F0028 M0025
8L52224 NA NA
8L52231 F0178 M0224
8L52235 8943473 M0108
8L52237 8943473 M0108
8L52239 8943473 M0108
8L52241 F0036 8934395
8L52243 F0036 8934395
8L52244 F0036 8934395
8L52249 8934392 M0157
8L52253 8981965 8981970
8L52254 8981965 8981970
8L52255 8939874 8943766
8L52258 8939874 8943766
8L52272 8904654 M0147
8L52283 8943470 M0071
8L52284 8943470 M0150
8L52287 F0123 8934473
8L52303 8981733 8981007
8L52304 8981266 M0188
8L52305 8981266 8939747
8L52308 8857237 8939748
8L52310 8857237 8939748
8L52401 8939750 8934368
8L52403 8939392 8981325
8L52404 8943064 8866710
8L52405 NA NA
8L52407 8747534 8887345
8L52408 8939392 8981325
8L52410 NA NA
8L52411 8939617 8934333
8L52415 8747604 8934027
8L52416 8L30596 8L30446
8L52418 8943039 8981031
8L52419 8L30596 8L30446
8L52420 8939091 8934600
8L52424 8981861 NA
8L52426 8939052 8939196
8L52428 8981280 8939199
8L52501 8939158 8943402
8L52504 8981266 8943486
8L52514 8887205 8939038
8L52515 8887205 8939038
8L52527 F0107 M0110
8L52529 F0107 M0110
8L52532 8943459 8943752
8L52533 8857205 8887344
8L52534 F0097 M0101
8L52535 F0110 8943897
8L52549 8L52550 8939085
8L52550 F0150 8887449
8L52551 8747604 8934027
8L52552 8747604 8934027
8L52554 8747604 8934027
8L52555 8747604 8934027
8L52574 8800935 8981038
8L52585 F0188 8747901
8L52595 F0095 M0097
8L52596 8939899 8L30591
8L52597 8L30340 8887481
8L52598 8939095 8857284
8L52601 8943469 NA
8L52614 8981873 8943578
8L52619 F0093 M0051
8L52620 F0093 M0051
8L52623 F0093 M0051
8L52624 F0132 M0136
8L52629 NA NA
8L52674 8939574 8981792
8L52689 NA NA
8L52909 8934879 8800556
8L52913 8800935 8981038
8L52920 8939615 8800436
8L52922 8866741 8L52920
8L52923 8866741 8934333
8L52931 8800440 8934460
8L52932 NA NA
8L52934 8887206 8981805
8L52943 8800090 8857752
8L52950 8747900 8800547
8L52954 8981801 8943486
8L52955 8981280 8939199
8L52956 8934304 M0189
8L52959 8L30340 8887481
8L52960 8934028 8981722
8L52961 F0028 M0025
8L52962 8934028 8981722
8L52963 8939392 8934333
8L52964 8L52212 NA
8L52965 8L48607 8L48608
8L52967 8866741 8800390
8L52969 8857780 8866710
8L52973 NA NA
8L52974 8939091 8934600
8L52978 8939578 8939359
8L57701 8L30235 8L48404
8L57729 8943473 M0108
8L57742 8L48542 M0163
8L57750 8939874 M0190
8L57757 8L30947 M0087
8L57758 F0189 8L30500
8L57789 NA NA
8L57814 F0010 M0009
8L57815 F0010 M0009
8L57859 NA NA
8L57876 NA NA
8L57880 8981267 8981822
8L57882 NA NA
8L57902 F0025 M0023
8L57906 8L64821 8L64157
8L57916 8939818 M0059
8L57918 F0072 M0073
8L57921 F0083 M0089
8L57922 8939443 8M31738
8L57923 F0032 8L19688
8L57927 8939443 M0133
8L57928 8L64372 M0136
8L57933 F0072 M0073
8L57934 8M72019 8L19661
8L57941 8L89983 8L89026
8L57942 8L64821 8L64157
8L57943 F0151 8L64858
8L64134 8L30289 8981279
8L64139 NA NA
8L64144 NA NA
8L64148 8L19633 8L64813
8L64149 8L19633 8L64813
8L64156 8L64398 8L30819
8L64157 8L64398 8L30819
8L64158 8L19693 M0148
8L64169 F0036 8934395
8L64175 8L57814 8L30500
8L64176 8L48598 M0191
8L64202 8L19825 8L48478
8L64206 8L26596 8L26597
8L64210 NA NA
8L64212 8309285 8L48352
8L64215 8939086 8L52426
8L64216 NA 8887462
8L64224 F0104 8816496
8L64225 F0104 8816496
8L64241 8816455 8118424
8L64256 NA NA
8L64260 F0133 8981929
8L64265 F0093 8939804
8L64266 F0093 8939804
8L64271 8939749 8981005
8L64272 8L48418 8L48311
8L64278 8L52310 8L30298
8L64280 8L52310 8L30298
8L64283 8L52310 8L30298
8L64286 8L19931 NA
8L64288 8800935 8939119
8L64291 8939582 8934339
8L64294 8L19825 8L48478
8L64327 8981955 8939544
8L64354 NA NA
8L64372 F0133 8981929
8L64373 F0133 8981929
8L64374 F0133 8981929
8L64380 F0031 M0028
8L64397 8939419 M0029
8L64398 F0068 M0069
8L64399 8981927 M0099
8L64809 8943470 8L30499
8L64812 8939419 M0029
8L64813 8L52223 M0192
8L64814 8981945 8L19661
8L64819 8L57758 M0152
8L64820 8L57758 M0152
8L64821 8L57758 M0152
8L64824 8L48555 NA
8L64825 8L52249 M0030
8L64833 NA NA
8L64835 NA NA
8L64838 F0190 M0148
8L64839 8L52614 8939495
8L64840 8L48555 M0088
8L64841 8816442 NA
8L64856 8981942 8981832
8L64857 8887422 8934808
8L64858 F0031 M0028
8L64866 8L30388 M0193
8L64901 NA NA
8L64902 F0063 M0064
8L64903 8L52550 8981268
8L64915 8L30782 8934559
8L64916 8L48476 8939038
8L64922 8L30001 8L48501
8L64923 F0058 M0054
8L64933 8L30783 8309182
8L64945 8816943 8939037
8L64954 8L49912 NA
8L64970 8L48448 8939085
8L64971 8L48448 8939085
8L64975 8981754 8887462
8L64976 8981754 8887462
8L64981 8934066 8981270
8L64985 8L48323 8L48479
8L64996 F0058 M0054
8L88307 NA NA
8L89026 F0162 8L64156
8L89044 8L64820 M0194
8L89049 8L64819 8M31126
8L89064 8L52249 M0030
8L89100 F0093 8939804
8L89202 8309263 8981005
8L89209 8L52305 8981248
8L89210 8L52305 8934069
8L89211 8L52305 8L48455
8L89230 8L89467 8L52920
8L89244 8816919 8934333
8L89245 8816919 8816452
8L89254 8L19728 8L30780
8L89256 8L19728 8L30780
8L89258 8816930 8L49957
8L89259 8L30596 8L52552
8L89265 8934374 8L49910
8L89266 8934374 8L49910
8L89268 F0147 8939764
8L89269 8L48418 8L52243
8L89271 8L48418 8L48311
8L89273 8L52428 8939391
8L89274 8L48418 8L48311
8L89276 8L48418 8L48311
8L89277 8309283 8309277
8L89282 8309291 8939106
8L89296 8887472 8L52420
8L89298 8943106 8L48501
8L89299 8L30001 8L48501
8L89324 F0089 8L48336
8L89326 8L64923 NA
8L89333 8L52962 8L52674
8L89334 8939392 8981850
8L89335 8939615 8934333
8L89337 8L89470 8934333
8L89349 8943039 8939037
8L89352 8934304 8L19969
8L89354 8939749 8981005
8L89355 F0129 8L48352
8L89358 8816942 8816952
8L89363 8L48344 8L49917
8L89365 8939086 8309266
8L89366 8309283 8939199
8L89368 8L30599 M0125
8L89370 F0081 M0061
8L89371 8981267 8981822
8L89372 F0081 M0061
8L89374 F0147 8939764
8L89376 8L19839 8981268
8L89377 NA 8939764
8L89379 NA NA
8L89380 NA NA
8L89384 8309171 8943897
8L89386 8L48365 8939535
8L89387 8981267 8939764
8L89388 8981280 8939199
8L89389 8L64903 8L48313
8L89391 8118435 8L30882
8L89394 8118432 8939038
8L89395 8816942 8816952
8L89399 8L89470 8934333
8L89404 8L64902 M0164
8L89411 8816918 8L48455
8L89412 8816918 8981806
8L89418 8L19722 M0055
8L89423 8L89335 8L52963
8L89430 8816408 8309288
8L89431 8816408 8309288
8L89432 8L19946 8L52504
8L89434 8L64903 8L48313
8L89436 8L64903 8L48313
8L89439 8L30599 M0125
8L89441 8L19988 8816467
8L89456 8800935 8981038
8L89457 8L48457 8L52598
8L89460 8L19961 8L48467
8L89461 8943106 8934339
8L89466 NA NA
8L89467 NA NA
8L89470 NA NA
8L89471 8939392 8981850
8L89474 8816959 8L52418
8L89502 8943735 8309274
8L89503 8L30599 M0125
8L89507 8L52978 8L89514
8L89508 8L52550 8981268
8L89509 8L19980 8L19830
8L89512 8981820 8939085
8L89514 8981267 8981007
8L89516 8981009 8L89508
8L89517 8L19980 8L89514
8L89518 NA NA
8L89519 8981820 8943897
8L89521 8L52978 8L89514
8L89525 8816937 8934600
8L89526 8816936 8L19856
8L89530 F0191 8L52534
8L89537 8L26586 M0195
8L89538 8L19839 8981268
8L89539 8816486 8981272
8L89601 8309291 8L89363
8L89605 8L52527 8M31541
8L89606 8L52527 8M31541
8L89613 8L30782 8L48473
8L89614 8L30782 8L48473
8L89615 8L30782 8L48473
8L89616 8L89507 8981272
8L89626 8816936 8L30780
8L89628 8L64286 8L19858
8L89634 8309285 8L19813
8L89635 8309285 8L48311
8L89637 8309285 8L19813
8L89639 8309251 8981025
8L89640 8309283 8309277
8L89641 8309251 8981025
8L89642 8L19961 8L19860
8L89644 8L89244 8118424
8L89645 8939392 8981850
8L89646 NA 8309158
8L89650 8L89722 8L52420
8L89652 8309128 8L52954
8L89654 8309128 8L52954
8L89655 8309128 8L52954
8L89663 8L48344 8L89664
8L89664 8L64902 M0164
8L89665 8L89271 M0140
8L89669 8L89754 8L89354
8L89675 8L89244 8118424
8L89680 8L89466 8L64210
8L89682 8L89466 8L64210
8L89683 8L89244 8118424
8L89689 8L89754 8L89354
8L89690 8L89202 8L89268
8L89691 8L89502 8981248
8L89692 8L89271 M0140
8L89704 8L52931 8L52419
8L89708 8L30779 8L52419
8L89709 F0148 8L52551
8L89711 8L30779 8L52419
8L89712 8816936 8L30780
8L89713 8L30596 8L52551
8L89714 F0211 NA
8L89715 F0127 8L49960
8L89718 8816937 8934600
8L89720 F0092 8L52974
8L89721 F0192 8816931
8L89722 NA NA
8L89723 F0148 8816932
8L89724 8L52931 8L52974
8L89725 8981861 8L30446
8L89728 8981861 8L30446
8L89731 F0127 8981773
8L89734 NA NA
8L89739 8L19930 8981608
8L89741 8L52428 8939391
8L89742 8934304 8L19969
8L89748 8L30779 8L52419
8L89750 8L19961 8L26538
8L89751 NA NA
8L89752 F0087 8L48443
8L89753 NA NA
8L89754 8981024 8309141
8L89755 8816491 8309140
8L89793 NA NA
8L89797 8309285 8L19813
8L89804 8L52574 8939119
8L89808 8309283 8309277
8L89815 8309291 8939106
8L89822 8L52527 M0135
8L89836 8L49974 8L19936
8L89843 8L48315 8309262
8L89844 8L48315 8309262
8L89845 8L48315 8309262
8L89847 8L30599 M0061
8L89848 8L30599 M0061
8L89849 8L30599 M0061
8L89858 8L64970 8L89808
8L89859 8L64970 8L89808
8L89862 8309252 8L89412
8L89863 8309252 8L89412
8L89875 8M31317 8L49957
8L89880 8981018 8939519
8L89886 8L89372 8L89389
8L89891 8L52527 8M31541
8L89894 8816949 8118433
8L89896 8816949 8118433
8L89906 8L57701 NA
8L89915 8981945 8M31165
8L89929 8L64398 8L30819
8L89983 F0031 M0028
8L89987 F0138 8L64327
8L89988 F0132 8939743
8L89989 F0031 M0028
8L89992 F0138 8L64327
8L89994 F0132 M0136
8L89995 8L52614 8939544
8L89998 NA NA
8M31035 F0132 8L64840
8M31041 8L30832 M0165
8M31084 NA NA
8M31109 8L30959 8L64824
8M31112 8943473 8934398
8M31126 8L19693 M0148
8M31139 8L64266 M0009
8M31147 F0103 M0196
8M31164 8L64819 8M31126
8M31165 NA NA
8M31197 8L19633 M0059
8M31206 NA NA
8M31262 8L89502 8L89277
8M31265 8L89731 8816931
8M31278 8L30596 8816931
8M31281 8939141 8981602
8M31282 F0099 M0105
8M31283 8L48463 8L48501
8M31285 8939141 8981602
8M31286 8118435 8L30882
8M31288 8L89516 8L64272
8M31290 8L89379 8L19936
8M31291 8L89502 8L89277
8M31293 8816491 8L89371
8M31294 F0087 8939199
8M31295 8L89517 8L89352
8M31297 NA NA
8M31304 8309175 8L89441
8M31305 8309175 8939038
8M31314 8L48323 8L48479
8M31317 8L52527 M0135
8M31320 8L26579 8L89742
8M31325 8L48319 8309143
8M31326 8309264 8L48313
8M31327 8L89741 8939764
8M31328 F0089 8L49938
8M31329 8309264 8L48313
8M31331 F0089 8L49938
8M31334 F0087 8L48336
8M31337 8L64933 M0125
8M31338 8L64933 M0125
8M31342 8934879 8L64216
8M31344 8L30783 8L89269
8M31350 8L52931 8L49960
8M31352 8L52931 8L30780
8M31353 F0158 8L89725
8M31356 8L89751 8L48311
8M31360 8L89368 8309254
8M31363 8L89368 8309254
8M31365 8L89365 M0144
8M31367 8L89365 M0144
8M31370 8L30599 M0061
8M31372 8L30599 M0061
8M31374 8L89434 8L89793
8M31378 NA 8L89269
8M31379 8309128 M0061
8M31382 8309128 8L52954
8M31384 8L89516 8L64272
8M31385 8L89376 8309182
8M31387 F0104 8816496
8M31389 F0104 8816496
8M31390 F0104 8816496
8M31398 NA 8L19877
8M31407 8L30761 8943801
8M31420 F0100 M0106
8M31426 8816942 8118433
8M31432 8943039 8981031
8M31433 8981018 8939519
8M31436 8943039 8981031
8M31445 8L89537 8L89430
8M31450 8L49974 M0197
8M31452 8L49974 8L19936
8M31453 8L26586 8L89377
8M31463 8L89521 8309266
8M31468 8L48315 8309262
8M31476 8L89384 8943486
8M31480 8L64283 8L89337
8M31483 8309251 8309262
8M31484 8L64901 8L48336
8M31485 NA NA
8M31495 8L89349 8L89395
8M31496 8118435 8816467
8M31497 8118435 8816467
8M31498 8118435 8816467
8M31508 8L89202 8L89268
8M31509 8981280 8L89266
8M31511 8981280 8L89266
8M31516 8L64224 8L64976
8M31520 8816428 8816496
8M31522 8816428 8816496
8M31524 NA NA
8M31526 8L89358 8L52420
8M31527 8L52428 8939391
8M31528 8939749 8L52426
8M31532 8L48344 8M31541
8M31535 8L30920 8L49917
8M31536 8L30920 8L49917
8M31541 8939492 M0123
8M31542 8L26578 8L52965
8M31543 8L89230 8118426
8M31544 NA NA
8M31545 8L89335 8118426
8M31546 8L26578 8L52965
8M31547 8L26578 8L52965
8M31548 8L89230 8118426
8M31550 8L49991 M0055
8M31551 8L89245 8309156
8M31552 F0109 M0115
8M31554 8L89423 8L26597
8M31561 8939749 8L52426
8M31562 8L52428 8939391
8M31568 8L26579 8L89742
8M31581 8309283 8309277
8M31583 8981545 8816409
8M31585 8L64901 8L48336
8M31591 8981545 8816409
8M31602 8L30596 8981773
8M31605 8L30779 8L52419
8M31622 8L89714 M0139
8M31625 F0211 M0139
8M31627 8118432 8L89525
8M31632 8668476 8L64215
8M31634 8L48344 8L89664
8M31637 8L19961 8L26538
8M31641 8939141 NA
8M31642 8L52574 8L52598
8M31704 8816949 8L49963
8M31706 8816949 8L49963
8M31711 8L26578 8L52965
8M31712 8L89466 8L64210
8M31713 8M31552 8L89334
8M31714 8L89244 8118424
8M31715 8L89245 8309156
8M31716 8L26576 8866710
8M31717 NA 8866710
8M31730 8M31041 M0198
8M31731 8M31041 M0199
8M31732 8939457 8943762
8M31733 8981965 8981970
8M31737 8L48574 M0200
8M31738 8L19652 M0133
8M31739 F0193 8L52620
8M31747 NA NA
8M31756 8L89335 8118426
8M31758 8L48365 8L89514
8M31838 8M31387 8L89601
8M31839 8M31387 8L89601
8M31844 8L89822 8L89363
8M31862 NA NA
8M31863 8M31542 8L89646
8M31865 8M31542 8L89646
8M31869 8L49974 8L19936
8M31872 NA NA
8M31873 F0089 8L49938
8M31874 NA NA
8M31875 8981280 8939199
8M31893 8L89848 8L89366
8M31922 NA NA
8M31923 8816491 8L89371
8M31924 8L19912 8L30598
8M31925 F0048 M0048
8M31926 NA NA
8M31927 8668476 8L64215
8M31928 NA NA
8M31929 8668476 8L19934
8M31935 NA NA
8M31936 8L89516 8L64272
8M31937 F0100 M0106
8M31938 8816491 8L89371
8M31939 F0089 8939764
8M31940 8L89754 8L89354
8M31941 8L89741 8939764
8M31943 NA NA
8M31945 8M31568 8L49938
8M31953 8L89714 M0139
8M31954 NA NA
8M31968 NA NA
8M31969 NA NA
8M31970 F0089 8939764
8M31973 8309291 8L89363
8M31977 8M31317 8309191
8M31984 8816486 8M31927
8M31993 F0052 M0052
8M31995 8934879 8L89605
8M31997 8934879 8L89605
8M71060 8L64901 8L49938
8M71061 8L64933 8M31286
8M71063 8L19912 8L89808
8M71064 8L89518 8L19936
8M71073 8L89731 8L89256
8M71074 8816954 8816955
8M71077 8M31509 8L89721
8M71083 8L64820 8L64373
8M71084 8L64820 8L64157
8M71085 8L52303 8M31484
8M71086 8L26579 8L89389
8M71089 8981274 8L89377
8M71092 8L89282 M0114
8M71093 8M31356 8L89514
8M71096 8M31591 8M31286
8M71097 8L26586 8L19934
8M71098 8L89282 M0114
8M71100 NA 8L49960
8M71201 8M31545 8M31543
8M71204 8M71205 8M71206
8M71205 8L89751 8L48311
8M71206 F0087 8939199
8M71208 8668476 8L19835
8M71210 8L89836 8L89276
8M71211 8M31969 8L89793
8M71212 8M31969 8L89793
8M71216 8L89692 8L89844
8M71217 8L89692 8L89844
8M71218 8L89466 8L64210
8M71220 8L89466 8L64210
8M71226 8M72867 8L89644
8M71227 8M31326 8118424
8M71231 8M31326 8118424
8M71232 8M31326 8118424
8M71237 8M31717 8M31551
8M71238 8M31717 8M31551
8M71239 8816947 M0116
8M71247 8L19992 8M31528
8M71250 8L19992 8M31528
8M71253 NA NA
8M71254 8L89282 M0114
8M71256 8L48448 8L89514
8M71257 8816491 8L89371
8M71258 8816491 8L89371
8M71264 8M31305 8816467
8M71268 8L89518 8L30298
8M71269 8L89517 8L89352
8M71277 8M31509 8L89721
8M71278 8L89731 8816931
8M71280 8L89626 NA
8M71281 8L89394 8L89708
8M71283 8L19728 8L89728
8M71285 8M31509 8L52420
8M71286 8816936 8L89713
8M71287 8981861 8L30446
8M71289 8L89682 8M31544
8M71290 8L89399 8L26528
8M71291 F0075 8L19986
8M71292 8L26578 8L52965
8M71293 8L89230 8L89471
8M71294 8M31550 8L19862
8M71295 8L89682 8L89471
8M71296 8L89399 8L26528
8M71298 F0075 8L19986
8M71299 8M31716 8L26528
8M71300 8L89741 8939764
8M71301 8L89399 8L26528
8M71302 8M31297 8M31943
8M71303 8L89230 8L89471
8M71304 8M31716 8M31756
8M71305 8M31716 8L19986
8M71306 F0075 8L19986
8M71307 8M72848 8M31544
8M71310 8L48344 8L89664
8M71311 8M72602 8M31940
8M71312 NA 8L89371
8M71313 8M31338 8L89430
8M71314 8M72909 8M31632
8M71315 8816491 8L89371
8M71317 8M31941 8309141
8M71318 8L89503 8939196
8M71321 NA NA
8M71322 8L19912 M0201
8M71406 8L89675 8M31548
8M71407 8M72656 8M72654
8M71411 8M31463 8L19877
8M71412 8M31713 8939764
8M71414 8M31713 8939764
8M71415 F0145 8L89354
8M71416 F0145 8L89354
8M71501 F0108 8M31627
8M71502 8M31711 8M31350
8M71503 8816954 8816955
8M71504 8M31585 8M31622
8M71505 NA NA
8M71506 8M31637 NA
8M71507 8L64996 NA
8M71511 NA NA
8M71512 8816428 8M31342
8M71513 8L64224 8816496
8M71515 8M31839 M0060
8M71520 8M72931 8M31452
8M71521 NA NA
8M71522 8M31923 8M31922
8M71530 8M31936 8L89896
8M71531 8L48344 8L89664
8M71532 8M31711 8M31350
8M71534 8L52574 8M71505
8M71540 F0108 8M72951
8M71552 8M31278 8309191
8M71569 8M31993 8816496
8M71573 8M31522 8M31997
8M71585 8M31387 8L89601
8M71587 8M31387 8L89601
8M71596 8943039 8118433
8M71610 F0111 8M31737
8M71612 8M72326 8L52239
8M71614 NA 8M72235
8M71650 F0121 8M72024
8M71662 8L19633 8L57916
8M71667 8L89995 8981929
8M71672 8934215 M0107
8M71673 8L89995 8M31730
8M71674 8L30829 M0130
8M71687 8M72176 8M72022
8M71691 F0025 8L64824
8M71700 8L57789 8L30819
8M71710 F0076 M0081
8M71722 NA NA
8M71731 F0046 M0046
8M71732 F0046 M0046
8M71735 F0152 8939804
8M71736 8M72325 8L64397
8M71758 8L57789 8N06020
8M71761 8L57789 8N06020
8M71765 8L64866 8M31732
8M71773 8M72036 M0142
8M71775 F0164 8L19569
8M71783 F0091 8M72295
8M71811 NA NA
8M71819 8M71205 8L19974
8M71823 8M72914 8M72677
8M71826 F0159 8N06360
8M71831 NA M0164
8M71834 8M71596 M0113
8M71835 8L89391 8L89708
8M71836 8L89391 8L89708
8M71864 8L89634 8L19974
8M71865 8816486 8M31927
8M71866 8M72909 8M31875
8M71872 8309171 8L89377
8M71873 8309171 8L89377
8M71881 F0194 8M72680
8M71896 F0195 8M31838
8M71898 F0196 8M31838
8M72001 NA NA
8M72002 8M72013 8L19689
8M72004 8M72013 8L19569
8M72007 8L30829 M0153
8M72009 NA NA
8M72013 F0132 8939743
8M72014 8934039 M0078
8M72015 8L30388 8M72014
8M72016 NA NA
8M72017 8939824 8939462
8M72018 NA NA
8M72019 F0036 8857946
8M72021 8L57701 M0118
8M72022 8L57701 M0118
8M72023 8L57701 M0118
8M72024 8L57701 M0118
8M72030 8L19633 8L57916
8M72031 8L19633 8L57916
8M72032 F0136 8L64397
8M72036 F0136 8L64397
8M72037 8M72019 8L19661
8M72038 8M72019 8L19661
8M72045 F0076 M0081
8M72052 NA NA
8M72058 NA NA
8M72062 8L64175 8L19688
8M72078 NA M0088
8M72081 F0035 M0009
8M72084 F0035 M0009
8M72087 NA NA
8M72112 8L89044 M0162
8M72114 8L89044 M0162
8M72120 NA NA
8M72124 8M72326 8L52239
8M72125 8M72326 8L52239
8M72128 F0121 8L30958
8M72135 F0197 8L19661
8M72136 F0036 8934395
8M72140 8M72136 8M31165
8M72143 F0103 8L30500
8M72144 F0103 8L30500
8M72168 8L64265 8L64813
8M72172 NA NA
8M72176 F0032 M0029
8M72178 8934215 M0107
8M72179 8M72001 8M72018
8M72180 8M72001 8M72018
8M72185 F0131 8L64858
8M72186 8L30959 8L64824
8M72189 8M72013 8L19688
8M72190 8L57789 8L30819
8M72191 NA 8M72323
8M72219 F0083 M0089
8M72224 8L57701 M0118
8M72227 8M72326 8L19595
8M72232 8L88307 M0029
8M72235 8L64866 8M31732
8M72237 8939443 8M31738
8M72243 8L89998 M0088
8M72245 8M31084 M0111
8M72248 8M31084 NA
8M72249 8M31084 M0111
8M72251 8L89044 M0202
8M72257 8M72120 8L52241
8M72258 F0121 8M31739
8M72259 F0121 8M31739
8M72268 F0103 8L30500
8M72269 F0103 8L64813
8M72271 F0103 8L30500
8M72272 8M72136 8L64813
8M72273 8M72136 8L64813
8M72274 8M72136 8L64813
8M72277 F0212 M0200
8M72278 F0212 8939804
8M72284 8M31139 M0100
8M72285 8M31139 M0100
8M72287 8M31139 M0100
8M72289 8L57906 M0100
8M72291 8L19633 8L57916
8M72292 8L19633 8L57916
8M72293 8L19633 8L30500
8M72294 8L19633 8L30500
8M72295 8L19633 8L57916
8M72309 NA NA
8M72315 NA NA
8M72323 8939443 8934395
8M72324 8L64866 8M31732
8M72325 F0032 8L19688
8M72326 8L64866 8934808
8M72327 8L57789 8L30819
8M72328 8L64372 M0136
8M72329 F0111 M0142
8M72601 8L89230 8L89471
8M72602 8L89751 8L48311
8M72604 8L89376 M0203
8M72605 8M31476 8L64271
8M72606 8M31374 8309277
8M72608 8L89507 8981272
8M72609 8L89507 8981272
8M72610 8L26578 8L52965
8M72611 8L89675 8M31548
8M72613 8816954 8816955
8M72617 8L89704 8L48478
8M72618 8L89296 8L89254
8M72621 F0108 8M31627
8M72623 F0198 8L89896
8M72633 8L49991 8L89645
8M72638 8L49991 8L64210
8M72640 8M31297 8M31943
8M72643 8M31706 8M31634
8M72644 8309175 8816467
8M72646 8309175 8816467
8M72647 8309175 8816467
8M72648 8M31936 8L89896
8M72649 8M31936 8L49963
8M72653 8L19995 M0067
8M72654 8L19995 M0067
8M72656 8L19995 M0067
8M72659 8L30920 M0067
8M72660 8L26591 8L89337
8M72664 8M31923 8M72881
8M72666 8M31561 8L89268
8M72668 8M31290 8L89268
8M72673 8L89615 8L89525
8M72674 8L64901 8L49938
8M72675 8M31925 8L89639
8M72677 8309272 8L89388
8M72678 8M72877 8L89640
8M72679 8M31561 8L89268
8M72680 8M31925 8L89639
8M72681 8M31398 8M72934
8M72707 8M31542 8L89646
8M72708 8M31542 8L89646
8M72716 8L89391 8L30446
8M72719 8L26579 8L89389
8M72722 8L26591 8L89337
8M72725 8L26591 8L89337
8M72736 8M31495 8M31433
8M72737 8M31495 8M31433
8M72739 8L30782 8L89395
8M72741 8M31495 8M31433
8M72745 8816428 8M31342
8M72749 8M31387 8L89601
8M72752 8934879 8L89605
8M72757 F0052 M0052
8M72764 F0075 8L19986
8M72766 F0075 8L19986
8M72777 8L49974 8L19936
8M72786 8L19961 8L26538
8M72792 8L89245 8309156
8M72795 8L89245 8309156
8M72797 8L64206 8L19862
8M72805 8M31585 8M31622
8M72806 8M31585 8M31622
8M72809 8M72990 8L89254
8M72810 F0001 M0001
8M72811 F0001 M0001
8M72812 F0001 M0001
8M72818 NA M0114
8M72832 8L89399 8L26528
8M72848 NA NA
8M72851 8L19992 8M31528
8M72853 8L19992 8M31528
8M72855 8L19992 8M31528
8M72859 NA NA
8M72863 8816947 M0116
8M72864 8816947 M0116
8M72867 NA NA
8M72877 NA NA
8M72878 F0048 M0048
8M72879 NA NA
8M72881 8L64134 8309274
8M72882 8309175 8816467
8M72884 8309175 8816467
8M72887 8L19995 M0067
8M72891 8L30920 M0067
8M72892 8L30920 M0067
8M72893 8L30920 M0067
8M72897 8L49991 8L89645
8M72898 8L89797 8309141
8M72906 8M31602 8939764
8M72907 8M31602 8939764
8M72908 8309264 8L48313
8M72909 8L89502 8L89277
8M72913 8L89466 8L64210
8M72914 8L89466 8L64210
8M72916 8L26586 8L19934
8M72923 8M31923 8M31922
8M72924 8M31382 8309277
8M72928 8309171 8L89377
8M72929 8309171 8L89377
8M72931 8309171 8L89377
8M72932 8309171 8L89377
8M72933 8L26586 8L89377
8M72934 8L30783 8L89269
8M72935 NA NA
8M72945 8L64202 8118433
8M72947 8L64202 8118433
8M72951 8L89894 8L89613
8M72954 8L89894 8L89613
8M72955 8M31304 8L89712
8M72956 8M31304 8L89712
8M72957 8M31304 8L89712
8M72960 8816942 8118433
8M72961 8816942 8118433
8M72965 8L52527 8M31541
8M72969 8L89507 8981272
8M72970 NA 8M31293
8M72972 F0199 M0134
8M72975 8M31294 8L89430
8M72976 8M31294 8L89371
8M72980 F0200 8L89711
8M72982 8M72990 8L30780
8M72987 8L89641 8L89734
8M72990 NA NA
8M72996 8M31285 8L19922
8M73000 NA 8L89354
8N05003 F0054 8M72736
8N05004 F0054 8M72736
8N05006 F0054 8M72736
8N05008 8M71281 M0076
8N05009 8M71281 M0076
8N05012 8L89723 8L30780
8N05013 8L89723 8L30780
8N05018 8943039 8118433
8N05027 8M72609 8M72818
8N05029 8M72609 8M72818
8N05030 8M72609 8M72818
8N05032 8M72678 8M71866
8N05049 8M31370 8L89354
8N05052 8M72745 8M31520
8N05057 8L48323 8L89395
8N05058 8M71596 M0113
8N05059 8M71596 M0113
8N05063 8L19728 8M31622
8N05083 F0201 8M72832
8N05086 8L89399 8L26528
8N05087 8L89230 8L89471
8N05094 8M71312 8L89277
8N05369 8N06011 M0117
8N05371 8L57906 M0155
8N05380 NA NA
8N05402 8M71507 8M31641
8N05417 8M71521 8M71511
8N05418 8M31389 M0052
8N05419 8M72745 8M31520
8N05423 8L89663 8M72673
8N05436 8L26578 8L52965
8N05437 8L89230 8L89471
8N05438 8L89682 8L89334
8N05442 NA NA
8N05444 8L26576 M0204
8N05445 F0202 8M31546
8N05446 8L89230 8L89471
8N05447 NA NA
8N05457 8L89394 8L89708
8N05460 8L89507 8981272
8N05462 8M72931 8M31452
8N05464 8M71212 8M72087
8N05467 8L89507 8981272
8N05472 8L49991 8118424
8N05480 8M72882 8M72646
8N05489 8M72848 8309156
8N05494 8L89230 8M31544
8N05515 8N05018 8M72643
8N05517 8N05018 8M72643
8N05526 F0108 8M72951
8N05528 8309175 8N06528
8N05531 NA NA
8N05532 NA NA
8N05533 8L52428 8L89430
8N05534 8M71313 8M72878
8N05536 8N05705 8M71873
8N05538 8N06787 8M71866
8N05552 F0012 M0011
8N05553 F0012 M0011
8N05558 8N06290 8M71662
8N05567 NA NA
8N05571 8M71761 8M31730
8N05572 8M71761 8M31730
8N05574 8M71761 8M31730
8N05575 8M71761 8M31730
8N05576 F0203 8N06017
8N05578 8M72036 8M71674
8N05701 F0011 M0010
8N05702 8M31356 8L19835
8N05703 8M31869 8M71866
8N05704 8816486 8M31927
8N05705 8L89507 8981272
8N05706 8M71502 8M72957
8N05707 F0141 8M71074
8N05708 8816930 8L89725
8N05709 8M31869 8M72087
8N05710 8M31476 8L64271
8N05711 8816486 8M31927
8N05712 8M72678 8M71866
8N05713 8M31550 8L19862
8N05714 8M72867 8L89644
8N05715 8M31865 M0205
8N05716 8L89466 8118424
8N05717 8L49991 8L89645
8N05724 8N06521 8M72752
8N05726 8N06922 8M72087
8N05747 8N05457 8L89254
8N05748 F0116 8816931
8N05749 NA NA
8N05750 8M72990 8L89254
8N05752 8M31839 M0060
8N05753 8M31839 M0060
8N05782 8M71691 8M72022
8N05785 8M71691 8M72022
8N05795 NA NA
8N05796 F0099 M0105
8N05797 8M71507 8M31641
8N05798 8N05796 8N05795
8N05799 8N05796 8N05795
8N05808 8M31511 8M71864
8N05809 8L89690 8M72878
8N05810 8M72877 8L89276
8N05825 F0108 8M72951
8N05827 8M71289 8M71250
8N05829 F0116 8816931
8N05831 8M31509 8M71287
8N05832 8M72805 8M71285
8N05837 8L89394 8M71287
8N05840 8M31285 8L26538
8N05841 8L89683 NA
8N05844 NA NA
8N05845 NA NA
8N05846 NA NA
8N05847 8L89372 8M72881
8N05850 NA 8M31541
8N05851 8L48344 8L89664
8N05905 8L89891 8N05851
8N05907 8L52527 8N05851
8N05921 8L57701 M0088
8N05923 8L57701 M0088
8N05930 8M72036 8M31737
8N05933 8N06040 8N72448
8N05939 8N06280 8M72168
8N05940 8N06280 8M72168
8N05941 8N06280 8M72168
8N05946 8M71735 M0107
8N06011 F0204 8M71253
8N06017 8L57701 M0088
8N06020 8939824 8L19595
8N06026 8M72036 M0142
8N06028 NA 8L19572
8N06029 F0025 M0023
8N06030 8M72002 NA
8N06037 8L64866 8M31732
8N06040 8M72269 8M31164
8N06045 8M72015 8M72038
8N06063 F0131 M0089
8N06074 8M72274 8M72168
8N06097 F0111 8M31737
8N06098 8L57923 M0142
8N06106 8M72186 M0206
8N06112 8L89995 8981929
8N06114 8L89995 8981929
8N06128 NA NA
8N06132 8L19633 8L64813
8N06146 8L57943 8L64813
8N06152 F0025 8M31165
8N06157 8N06011 M0207
8N06181 F0205 8N06029
8N06186 F0032 M0029
8N06195 8M72327 M0103
8N06196 8M72327 M0103
8N06210 8N06011 8L64813
8N06237 NA NA
8N06265 8M72327 M0103
8N06268 F0032 8L19688
8N06280 NA NA
8N06281 F0151 8L64373
8N06285 8L64820 8L64373
8N06288 F0151 8L64373
8N06290 NA NA
8N06291 F0151 8L64373
8N06292 F0025 M0023
8N06293 8L57906 M0208
8N06305 8L30920 M0067
8N06306 8L30920 M0067
8N06311 8L89387 8M71098
8N06317 8M71086 8M72906
8N06330 8L26579 8L89389
8N06333 8M31382 8M31939
8N06340 8M72656 8M72654
8N06347 8L89282 M0209
8N06355 8L89634 8L89337
8N06359 8M72972 8M71310
8N06360 8L89634 8L19974
8N06367 8L52527 8M71253
8N06371 F0206 8M72928
8N06385 8M31973 8M71318
8N06387 8M31923 8M31922
8N06393 8M31936 8L89896
8N06394 8M31936 8L89896
8N06395 8M31936 8L89395
8N06396 8M71596 M0113
8N06398 8L52574 8M71505
8N06406 8L64866 8M31732
8N06408 F0162 8L57729
8N06412 8939824 8L19595
8N06413 F0207 8939544
8N06414 8L30829 8L48436
8N06417 F0083 8M72144
8N06418 F0083 8M72144
8N06428 8M72081 M0210
8N06435 8M72224 8M31733
8N06439 NA NA
8N06449 F0091 8M72179
8N06508 8M31936 8L89896
8N06510 8M31304 8M71077
8N06517 8816942 8L49963
8N06519 8816942 8L52418
8N06521 8934879 8L89605
8N06527 8M72609 8L19936
8N06528 8M72863 8M31426
8N06532 8L48323 8L89395
8N06543 8M72602 8M31583
8N06554 F0054 8M72736
8N06559 8L89723 8L30780
8N06560 8M71281 M0076
8N06563 8M71281 M0076
8N06564 8M71281 M0076
8N06566 8M72805 8M71285
8N06567 8M72805 8L30780
8N06570 8M72960 8M72956
8N06580 8M31305 8L89614
8N06581 F0108 8M72951
8N06727 8L89282 8M31844
8N06730 F0122 8M71253
8N06733 F0122 8M71253
8N06736 8L89387 8M71098
8N06740 8M72737 M0211
8N06749 8L89387 8M71098
8N06766 8M71073 8L89896
8N06776 8L52913 8L26538
8N06781 8L89641 8L89734
8N06782 8L89394 8L89708
8N06783 8816486 8L19936
8N06786 8M31374 8L89637
8N06787 8M31374 8L89388
8N06790 8M72929 M0212
8N06792 F0057 8943486
8N06794 8M31338 8M71414
8N06798 8M31374 8L89388
8N06800 8M31869 8L89430
8N06801 8M31389 8L89605
8N06802 8M31389 M0052
8N06808 8M71303 8M71307
8N06813 NA NA
8N06814 8M71290 8M72610
8N06815 8M71290 8M72610
8N06819 NA NA
8N06916 8L89741 M0134
8N06917 8M72605 8M72664
8N06920 8M71321 8L64272
8N06921 F0154 8M31293
8N06922 8L89741 M0134
8N06928 8M72739 M0213
8N06930 8816930 8L89725
8N06931 8816930 8L89254
8N06941 F0116 8816931
8N06942 8L89296 8L89254
8N06944 F0116 8816931
8N06947 8M71507 8M31641
8N06958 8M31591 8L89268
8N06963 F0057 8943486
8N06969 F0154 8M31293
8N06976 8L89626 8L89734
8N06979 8L89391 8L89708
8N06989 NA 8M72766
8N06993 8M31550 8L19862
8N06999 NA NA
8N72002 8M71585 8M71783
8N72003 8M71585 8M71783
8N72006 8N72965 8N06146
8N72012 8N05940 8L64327
8N72037 8M72036 8M72023
8N72040 8L57701 8M31737
8N72043 8L57701 8M31737
8N72044 NA 8M71662
8N72045 F0074 8M71662
8N72046 F0074 8M71662
8N72055 8N72648 8N05572
8N72082 F0069 8M72058
8N72096 8N87243 8N06017
8N72099 F0160 8N87245
8N72108 NA 8N72479
8N72109 8M71691 8N06146
8N72113 8M71691 8N06146
8N72114 F0155 8M72023
8N72117 F0155 M0214
8N72118 F0155 8M72023
8N72134 F0208 8N73206
8N72205 8M71761 8N72436
8N72206 8N87228 8M72023
8N72207 8N87228 8M72023
8N72208 8N87228 8M72023
8N72209 8N87228 8M72023
8N72218 8N05930 M0130
8N72220 8N05930 M0130
8N72232 8N06063 M0011
8N72234 NA NA
8N72235 8N05369 8L64373
8N72236 8N06280 8N72640
8N72242 8N05921 8M72291
8N72246 8M72037 M0074
8N72252 8L57701 8M31737
8N72254 NA 8N06186
8N72257 8N05371 M0215
8N72266 8N05369 8L64373
8N72311 8N06999 8M72897
8N72312 8N06999 8M72897
8N72332 8M31305 8L89896
8N72333 8M31305 8L89896
8N72347 8M72867 8M72766
8N72348 8M72867 8M72766
8N72350 8M72737 8M72864
8N72351 8M72737 8M72864
8N72353 8M72737 8M72864
8N72354 8L89466 8L64210
8N72359 F0159 8N05846
8N72366 8M71097 8L89377
8N72367 8M72990 8L89708
8N72368 8M71289 8M71250
8N72369 8L89641 8L89734
8N72374 8L26579 8M31922
8N72376 F0054 8L89725
8N72389 8L89399 8M72792
8N72391 8L89399 8M72792
8N72407 F0124 M0127
8N72408 F0124 M0127
8N72420 NA NA
8N72433 8N06011 M0117
8N72434 8M72284 8M31165
8N72436 F0131 8M31165
8N72437 F0056 8M31165
8N72438 F0131 8L64373
8N72440 8M72030 8M72031
8N72447 8N06040 8N72448
8N72448 8L19693 8L64327
8N72457 8L57701 M0088
8N72460 F0056 8M31165
8N72465 8M71691 8M72022
8N72476 8L57906 M0155
8N72478 8L57906 NA
8N72479 8M72269 8M72168
8N72481 8M72284 8M72031
8N72482 F0146 8M72168
8N72483 8M72269 8M72168
8N72486 8N06040 8M72291
8N72487 8N06040 8M72291
8N72488 8N06040 8M72291
8N72489 8M72037 M0216
8N72490 8M71761 M0074
8N72494 F0032 M0074
8N72495 8M71735 M0107
8N72496 8M71761 M0074
8N72497 8M71735 M0107
8N72499 F0056 8M31165
8N72500 8M72030 8L89992
8N72512 8M71286 8M72806
8N72516 8M71289 8M72736
8N72519 8N06740 8M31426
8N72531 8M71302 8M72797
8N72545 NA NA
8N72551 8M72640 8M72832
8N72574 8L89615 8M71074
8N72575 8M71073 8L89896
8N72577 F0141 8M71074
8N72578 8L89704 8M71074
8N72591 8M71507 8M31641
8N72592 8M71507 8M31641
8N72603 8L89704 8M71074
8N72616 8L89507 8N06917
8N72627 8M31283 NA
8N72630 8L89626 8M71831
8N72633 F0061 8N06782
8N72639 NA NA
8N72640 8M72269 8M72168
8N72641 8M72269 8M72168
8N72642 F0069 8N06017
8N72644 8N06063 8L89992
8N72645 8M72284 M0217
8N72646 F0069 8M72058
8N72647 F0146 8N06128
8N72648 F0069 8M72058
8N72650 8N06063 8L89992
8N72651 8M72030 8L89992
8N72655 8L89507 8L19936
8N72658 8N06371 8L19835
8N72660 F0209 8M72969
8N72663 8M72908 8N05531
8N72664 8L89518 8L19835
8N72665 8L89641 8M71277
8N72668 8M72737 8M72864
8N72669 8M71504 M0218
8N72670 8M71502 8M72951
8N72701 8M31865 8N05472
8N72716 8N06979 8M71250
8N72717 F0061 8N06782
8N72719 F0061 8N06782
8N72721 NA 8M72818
8N72724 8N72721 8N06367
8N72734 8M72739 M0076
8N72736 8M72955 8N06532
8N72737 8M72955 8N06532
8N72738 8943039 8L49963
8N72742 8M71302 8N05437
8N72743 8M71302 8N05437
8N72746 8M72913 8M31758
8N72749 8309291 8N06367
8N72760 8M71507 8M31641
8N72777 8L19991 8M72965
8N72785 8M71313 8L64272
8N72795 8M71836 8L89725
8N72950 8N87243 8N06017
8N72965 NA NA
8N72981 F0056 8M31165
8N72986 8N05923 8M72031
8N72988 8N72496 8M71773
8N73001 8N05827 8M72673
8N73003 8N05827 8M72673
8N73012 8N05058 8M71835
8N73013 8N05058 8M71835
8N73021 8309175 8N06528
8N73031 8L52913 8L26538
8N73050 8M72617 8M72961
8N73052 8N06922 8M72087
8N73055 8N06922 8M72087
8N73056 8N06560 8N73404
8N73057 8N06347 M0113
8N73074 8M72960 8M72956
8N73082 NA NA
8N73083 8N05713 8M72832
8N73084 8L89466 8L64210
8N73086 NA NA
8N73087 NA NA
8N73093 8M31926 8M71089
8N73094 8M31923 8M71322
8N73097 8M71521 8M71511
8N73201 F0114 8L64157
8N73204 8M72030 8L89992
8N73206 8M72284 8M72295
8N73207 8M72030 8M72031
8N73293 8M71691 8N06146
8N73294 8M71691 8N06146
8N73296 8M71691 8N06146
8N73359 F0069 8M72058
8N73360 F0069 8M72058
8N73361 F0069 8M72058
8N73363 NA NA
8N73366 NA NA
8N73368 8N72648 8N05572
8N73372 8L57701 8M31737
8N73376 F0114 8L64157
8N73401 8L89391 8M71287
8N73402 8L89626 8M71831
8N73404 8L89296 8L89725
8N73406 F0158 8N06567
8N73407 8L89296 8L89725
8N73409 F0061 8N06782
8N73420 8N05714 8M72766
8N73423 8M31550 8L52965
8N73501 8M72678 M0219
8N73502 8M31476 8M31922
8N73503 F0109 M0115
8N73504 8M72666 8M71204
8N73505 8M31476 8M31922
8N73506 F0109 M0115
8N73507 NA NA
8N73508 NA NA
8N73509 8M72602 8L89268
8N73510 F0073 M0077
8N73519 F0073 M0077
8N73521 F0210 8M71881
8N73524 8N06371 8N06736
8N73525 F0011 M0010
8N73526 8N05708 8N06976
8N73527 8N05018 8M71074
8N73528 8816954 8M72646
8N73529 8N06740 8M71074
8N73530 8M72882 8N06519
8N73580 NA NA
8N73596 NA NA
8N73810 8N73097 8M31838
8N87141 8M72030 8N06435
8N87145 8N06280 8N72640
8N87146 8N72651 8N05558
8N87150 8N73201 NA
8N87151 F0160 8M72168
8N87152 8M72030 8N06435
8N87153 8N72499 8N72420
8N87154 8N05923 M0220
8N87158 8N05567 8M72185
8N87159 F0152 8M72023
8N87208 8N72348 M0221
8N87216 8N06040 8N72448
8N87218 8N06040 8N72448
8N87219 8N06040 8N72448
8N87220 8N05930 8N72407
8N87225 8N87228 8M72023
8N87226 8N87228 8M72023
8N87228 F0032 8M72329
8N87243 NA NA
8N87244 8N72642 NA
8N87245 NA NA
8N87246 8M72037 M0130
8N87284 8N05921 8M72291
8N87286 8N05921 8M72291
8N87288 8N72490 8N72494
8N87291 8M72037 8M72078
8N87292 8M72037 8M72078
8N87293 8M72037 8M72078
8N87307 8M72908 8N05531
8N87342 8M72908 8N05531
8N87368 8M72990 8M71287
8N87369 8N06560 8N73404
8N87371 8M71289 8M71250
8N87372 8L89296 8L89254
8N87709 NA NA
F0001 NA NA
F0002 NA NA
F0003 NA NA
F0004 NA NA
F0005 NA NA
F0006 NA NA
F0007 NA NA
F0008 NA NA
F0009 NA NA
F0010 8939419 M0104
F0011 NA NA
F0012 8L64820 8L64157
F0013 NA NA
F0014 NA NA
F0015 NA NA
F0016 NA NA
F0017 NA NA
F0018 NA NA
F0019 NA NA
F0020 NA NA
F0021 NA M0160
F0022 NA NA
F0023 NA NA
F0024 NA NA
F0025 F0190 NA
F0026 NA NA
F0027 NA NA
F0028 NA NA
F0029 NA NA
F0030 NA NA
F0031 NA NA
F0032 8L57701 NA
F0033 NA NA
F0034 NA NA
F0035 8L89995 NA
F0036 F0024 NA
F0037 NA NA
F0038 NA NA
F0039 NA NA
F0040 NA NA
F0041 NA NA
F0042 NA NA
F0043 NA NA
F0044 NA NA
F0045 NA NA
F0046 NA NA
F0047 NA NA
F0048 NA NA
F0049 NA NA
F0050 NA NA
F0051 NA NA
F0052 8L64266 M0009
F0053 NA NA
F0054 8M31524 8L30446
F0055 NA NA
F0056 NA NA
F0057 NA NA
F0058 NA NA
F0059 NA NA
F0060 NA NA
F0061 F0116 8816931
F0062 NA NA
F0063 NA NA
F0064 NA NA
F0065 NA NA
F0066 NA NA
F0067 NA NA
F0068 NA NA
F0069 F0091 8L89987
F0070 NA NA
F0071 NA M0160
F0072 NA NA
F0073 NA NA
F0074 NA NA
F0075 8L89466 8L64210
F0076 NA NA
F0077 NA NA
F0078 NA NA
F0079 NA NA
F0080 NA NA
F0081 NA M0223
F0082 NA NA
F0083 8L64866 8934808
F0084 NA NA
F0085 NA NA
F0086 NA NA
F0087 F0036 8934395
F0088 NA NA
F0089 8887451 M0182
F0090 NA NA
F0091 8L48574 8L48436
F0092 NA NA
F0093 NA NA
F0094 8732687 8747976
F0095 NA NA
F0096 NA NA
F0097 NA NA
F0098 NA NA
F0099 NA NA
F0100 NA NA
F0101 8887472 8981033
F0102 8943142 8800450
F0103 8981927 NA
F0104 8934879 8800556
F0105 8887370 8866786
F0106 NA NA
F0107 NA NA
F0108 NA NA
F0109 NA NA
F0110 8857205 8887344
F0111 8L30832 M0198
F0112 NA NA
F0113 NA NA
F0114 F0025 NA
F0115 F0082 8651860
F0116 8L48323 NA
F0117 NA NA
F0118 NA NA
F0119 NA NA
F0120 NA NA
F0121 NA 8L19569
F0122 NA NA
F0123 NA 8857946
F0124 NA NA
F0125 8800066 8800477
F0126 NA NA
F0127 NA NA
F0128 NA NA
F0129 8887451 8943485
F0130 NA NA
F0131 8L64856 8L52629
F0132 NA M0160
F0133 8943473 8934398
F0134 NA NA
F0135 F0014 M0147
F0136 NA NA
F0137 NA NA
F0138 NA 8L30819
F0139 NA NA
F0140 NA NA
F0141 8943039 8118433
F0142 NA NA
F0143 NA NA
F0144 NA NA
F0145 NA NA
F0146 8M72272 M0009
F0147 NA NA
F0148 8981861 8L52420
F0149 F0176 NA
F0150 NA NA
F0151 8L30832 M0206
F0152 8939443 8M31738
F0153 NA 8857740
F0154 8L64134 8309274
F0155 8N06040 8M72291
F0156 NA NA
F0157 NA NA
F0158 8981861 8L30446
F0159 NA 8L64373
F0160 8M72030 8L89992
F0161 NA NA
F0162 NA 8939462
F0163 NA NA
F0164 NA NA
F0165 8651975 NA
F0166 NA 8598849
F0167 F0115 8730584
F0168 8168692 8681059
F0169 8651870 8732211
F0170 8800521 NA
F0171 8681029 8747118
F0172 NA 8857778
F0173 NA 8800370
F0174 8747760 8866786
F0175 8887416 8800176
F0176 NA 8651998
F0177 8747223 8857246
F0178 8939442 NA
F0179 F0090 8934333
F0180 NA 8857230
F0181 8943473 8934398
F0182 8L30962 8981864
F0183 8939419 M0214
F0184 8939749 8981823
F0185 8934883 NA
F0186 NA 8857230
F0187 F0068 8939429
F0188 F0047 8939595
F0189 NA 8887455
F0190 8943429 8L30500
F0191 8L52978 M0143
F0192 NA 8L52504
F0193 NA 8L52601
F0194 NA 8M31352
F0195 NA 8M31342
F0196 NA 8M31342
F0197 NA 8L30819
F0198 8L89537 8L19920
F0199 8L89502 8981248
F0200 8M31317 8L52974
F0201 8M31550 8L19862
F0202 NA 8L48417
F0203 8L89995 8L52619
F0204 8L89822 8L89363
F0205 8L57789 8L30819
F0206 8L89507 8981272
F0207 F0162 8L57729
F0208 8N06011 M0117
F0209 F0199 M0212
F0210 8M31923 8M31922
F0211 NA NA
F0212 8L30829 M0153
F0213 8800168 NA
M0001 NA NA
M0002 NA NA
M0003 NA NA
M0004 NA NA
M0005 NA NA
M0006 NA NA
M0007 NA NA
M0008 NA NA
M0009 NA NA
M0010 NA NA
M0011 8N06285 8L64327
M0012 NA NA
M0013 NA NA
M0014 NA NA
M0015 NA NA
M0016 NA NA
M0017 NA NA
M0018 NA NA
M0019 NA NA
M0020 NA NA
M0021 NA NA
M0022 NA NA
M0023 8L64821 8L64157
M0024 NA NA
M0025 NA NA
M0026 NA NA
M0027 NA NA
M0028 NA NA
M0029 8939874 8943766
M0030 NA NA
M0031 NA NA
M0032 NA NA
M0033 NA NA
M0034 NA NA
M0035 NA NA
M0036 NA NA
M0037 NA NA
M0038 NA NA
M0039 NA NA
M0040 NA NA
M0041 NA NA
M0042 NA NA
M0043 NA NA
M0044 NA NA
M0045 NA NA
M0046 NA NA
M0047 NA NA
M0048 NA NA
M0049 NA NA
M0050 NA NA
M0051 NA NA
M0052 NA 8M31541
M0053 NA NA
M0054 NA NA
M0055 8939392 8981850
M0056 NA NA
M0057 NA NA
M0058 8800196 8800179
M0059 NA M0099
M0060 8L89995 8L52619
M0061 8118435 8L30882
M0062 NA NA
M0063 NA NA
M0064 NA NA
M0065 NA NA
M0066 NA NA
M0067 8L30959 M0028
M0068 NA NA
M0069 NA NA
M0070 NA NA
M0071 8887291 8887423
M0072 NA NA
M0073 NA NA
M0074 NA 8L19572
M0075 NA NA
M0076 8L89722 8M31622
M0077 NA NA
M0078 8934471 8934473
M0079 NA NA
M0080 NA 8168601
M0081 NA NA
M0082 NA NA
M0083 NA NA
M0084 NA 8800517
M0085 NA M0128
M0086 NA NA
M0087 8981965 M0022
M0088 8939443 M0133
M0089 8L57814 8L30500
M0090 NA NA
M0091 NA NA
M0092 8800417 8866754
M0093 NA NA
M0094 NA NA
M0095 NA NA
M0096 NA NA
M0097 NA NA
M0098 NA NA
M0099 NA 8934808
M0100 8981927 NA
M0101 NA NA
M0102 NA NA
M0103 NA 8887423
M0104 NA NA
M0105 NA NA
M0106 NA NA
M0107 8L57814 8L30500
M0108 8934471 8934473
M0109 8732690 8747720
M0110 NA NA
M0111 NA NA
M0112 NA NA
M0113 8L89394 8L89708
M0114 8L89751 8L48311
M0115 NA NA
M0116 8816943 8L48478
M0117 NA NA
M0118 NA 8L19569
M0119 NA NA
M0120 NA NA
M0121 NA NA
M0122 NA NA
M0123 NA NA
M0124 NA NA
M0125 F0156 8L19917
M0126 NA NA
M0127 NA NA
M0128 F0023 8537652
M0129 NA M0160
M0130 8L30313 NA
M0131 NA NA
M0132 NA NA
M0133 F0030 M0019
M0134 8L89714 M0139
M0135 8939492 M0110
M0136 8943753 M0035
M0137 NA NA
M0138 F0045 NA
M0139 8981861 8L30446
M0140 8L48610 8747720
M0141 NA NA
M0142 8816428 8816496
M0143 8981267 8981007
M0144 F0081 M0061
M0145 8651522 8651665
M0146 8747534 8887345
M0147 NA M0160
M0148 NA NA
M0149 NA 8887423
M0150 NA NA
M0151 NA NA
M0152 8L30313 NA
M0153 NA NA
M0154 8934311 NA
M0155 8M72001 8L89992
M0156 NA NA
M0157 NA NA
M0158 F0173 8887240
M0159 NA NA
M0160 F0128 NA
M0161 8857415 NA
M0162 NA NA
M0163 NA NA
M0164 F0107 NA
M0165 NA NA
M0166 8747900 8800547
M0167 F0135 8981864
M0168 8651621 M0044
M0169 8681447 8681037
M0170 8168602 8168601
M0171 F0169 8747729
M0172 8681029 8747118
M0173 8747764 8800547
M0174 8800521 8800357
M0175 8800185 8747529
M0176 8800090 8800175
M0177 8800937 8857215
M0178 8747222 M0124
M0179 8866800 NA
M0180 8800592 8747520
M0181 NA 8934885
M0182 8857205 8887344
M0183 F0153 8943743
M0184 F0118 M0149
M0185 8800090 8857752
M0186 8981945 NA
M0187 8939150 8934497
M0188 F0105 8939748
M0189 8939728 NA
M0190 8L30962 8981864
M0191 8L30962 NA
M0192 NA 8943580
M0193 8L52231 8939806
M0194 F0107 8L19661
M0195 NA 8939764
M0196 8L48555 8L52239
M0197 NA 8L19936
M0198 8904654 M0147
M0199 NA 8934395
M0200 NA 8981968
M0201 NA 8L89808
M0202 8L30828 NA
M0203 F0192 M0139
M0204 NA 8L89471
M0205 F0202 8M31546
M0206 NA 8981968
M0207 NA 8L64397
M0208 F0032 8L52620
M0209 8L48344 8L89664
M0210 8L64819 8M31126
M0211 8816943 NA
M0212 NA M0139
M0213 8M31496 NA
M0214 8981923 M0009
M0215 8M71735 M0107
M0216 NA M0074
M0217 F0131 8L89992
M0218 8309175 NA
M0219 8M31872 8L64271
M0220 8L19633 8L57916
M0221 8N72531 8N73087
M0222 NA 8887423
M0223 F0178 M0184
M0224 8939442 8943758
M0225 NA NA
M0226 NA NA
M0227 8800185 8747529
